3333
102   37   110
55   966   112
967   968   971
954   1260   953
1   3   2
1   4   3
0   4   1
1677   1670   1281
1670   1282   1281
1654   1647   1677
1647   1670   1677
1682   1681   1292
1681   1270   1292
1659   1658   1682
1658   1681   1682
1680   1682   1273
1682   1292   1273
1657   1659   1680
1659   1682   1680
1666   1686   1288
1686   1291   1288
1643   1663   1666
1663   1686   1666
1686   1684   1291
1684   1290   1291
1663   1661   1686
1661   1684   1686
1684   1683   1290
1683   1289   1290
1661   1660   1684
1660   1683   1684
1683   1667   1289
1667   1286   1289
1660   1644   1683
1644   1667   1683
1671   1666   1283
1666   1288   1283
1648   1643   1671
1643   1666   1671
1673   1678   1287
1673   1287   1279
1650   1655   1678
1650   1678   1673
1678   1674   1287
1674   1280   1287
1655   1651   1678
1651   1674   1678
1676   1675   1278
1676   1278   1277
1653   1652   1675
1653   1675   1676
1667   1669   1286
1669   1285   1286
1644   1646   1667
1646   1669   1667
1669   1672   1285
1672   1284   1285
1646   1649   1669
1649   1672   1669
1672   1668   1284
1668   1272   1284
1649   1645   1672
1645   1668   1672
1670   1671   1282
1671   1283   1282
1647   1648   1670
1648   1671   1670
1674   1677   1280
1677   1281   1280
1651   1654   1674
1654   1677   1674
1675   1673   1279
1675   1279   1278
1652   1650   1673
1652   1673   1675
1687   1676   1277
1687   1277   1276
1664   1653   1676
1664   1676   1687
1688   1687   1276
1688   1276   1275
1665   1664   1687
1665   1687   1688
1685   1688   1275
1685   1275   1274
1662   1665   1688
1662   1688   1685
1679   1685   1274
1679   1274   1271
1656   1662   1685
1656   1685   1679
1668   1680   1272
1680   1273   1272
1645   1657   1668
1657   1680   1668
1681   1679   1271
1681   1271   1270
1658   1656   1679
1658   1679   1681
1608   1601   1654
1601   1647   1654
1613   1612   1659
1612   1658   1659
1611   1613   1657
1613   1659   1657
1597   1617   1643
1617   1663   1643
1617   1615   1663
1615   1661   1663
1615   1614   1661
1614   1660   1661
1614   1598   1660
1598   1644   1660
1602   1597   1648
1597   1643   1648
1604   1609   1655
1604   1655   1650
1609   1605   1655
1605   1651   1655
1607   1606   1652
1607   1652   1653
1598   1600   1644
1600   1646   1644
1600   1603   1646
1603   1649   1646
1603   1599   1649
1599   1645   1649
1601   1602   1647
1602   1648   1647
1605   1608   1651
1608   1654   1651
1606   1604   1650
1606   1650   1652
1618   1607   1653
1618   1653   1664
1619   1618   1664
1619   1664   1665
1616   1619   1665
1616   1665   1662
1610   1616   1662
1610   1662   1656
1599   1611   1645
1611   1657   1645
1612   1610   1656
1612   1656   1658
1632   1633   1206
1633   1208   1206
1205   1207   1632
1207   1633   1632
1640   1621   1255
1621   1220   1255
1256   1219   1640
1219   1621   1640
1628   1640   1213
1640   1255   1213
1214   1256   1628
1256   1640   1628
1620   1634   1222
1634   1228   1222
1221   1227   1620
1227   1634   1620
1634   1638   1228
1638   1226   1228
1227   1225   1638
1227   1638   1634
1638   1635   1226
1635   1224   1226
1225   1223   1635
1225   1635   1638
1635   1622   1218
1635   1218   1224
1223   1217   1622
1223   1622   1635
1624   1620   1209
1620   1222   1209
1210   1221   1624
1221   1620   1624
1639   1641   1202
1639   1202   1200
1197   1201   1641
1197   1641   1639
1637   1642   1199
1637   1199   1196
1195   1198   1642
1195   1642   1637
1621   1626   1220
1626   1187   1220
1219   1186   1621
1186   1626   1621
1622   1623   1218
1623   1216   1218
1217   1215   1623
1217   1623   1622
1623   1625   1216
1625   1212   1216
1215   1211   1625
1215   1625   1623
1625   1628   1213
1625   1213   1212
1211   1214   1628
1211   1628   1625
1633   1624   1208
1624   1209   1208
1207   1210   1633
1210   1624   1633
1636   1632   1203
1632   1206   1203
1204   1205   1636
1205   1632   1636
1641   1636   1202
1636   1203   1202
1201   1204   1641
1204   1636   1641
1642   1639   1200
1642   1200   1199
1198   1197   1639
1198   1639   1642
1630   1637   1194
1637   1196   1194
1193   1195   1630
1195   1637   1630
1629   1630   1194
1629   1194   1192
1191   1193   1629
1193   1630   1629
1631   1629   1192
1631   1192   1190
1189   1191   1629
1189   1629   1631
1627   1631   1190
1627   1190   1188
1185   1189   1631
1185   1631   1627
1626   1627   1188
1626   1188   1187
1186   1185   1627
1186   1627   1626
1585   1578   1608
1578   1601   1608
1590   1589   1613
1589   1612   1613
1588   1590   1611
1590   1613   1611
1574   1594   1597
1594   1617   1597
1594   1592   1617
1592   1615   1617
1592   1591   1615
1591   1614   1615
1591   1575   1614
1575   1598   1614
1579   1574   1602
1574   1597   1602
1581   1586   1609
1581   1609   1604
1586   1582   1609
1582   1605   1609
1584   1583   1606
1584   1606   1607
1575   1577   1598
1577   1600   1598
1577   1580   1600
1580   1603   1600
1580   1576   1599
1580   1599   1603
1578   1579   1601
1579   1602   1601
1582   1585   1605
1585   1608   1605
1583   1581   1604
1583   1604   1606
1595   1584   1607
1595   1607   1618
1596   1595   1618
1596   1618   1619
1593   1596   1619
1593   1619   1616
1587   1593   1616
1587   1616   1610
1576   1588   1599
1588   1611   1599
1589   1587   1610
1589   1610   1612
1206   1208   1585
1208   1578   1585
1220   1187   1590
1187   1589   1590
1255   1220   1588
1220   1590   1588
1222   1228   1574
1228   1594   1574
1228   1226   1594
1226   1592   1594
1226   1224   1592
1224   1591   1592
1224   1218   1591
1218   1575   1591
1209   1222   1579
1222   1574   1579
1200   1202   1586
1200   1586   1581
1202   1203   1582
1202   1582   1586
1196   1199   1583
1196   1583   1584
1218   1216   1575
1216   1577   1575
1216   1212   1577
1212   1580   1577
1212   1213   1576
1212   1576   1580
1208   1209   1578
1209   1579   1578
1203   1206   1582
1206   1585   1582
1199   1200   1581
1199   1581   1583
1194   1196   1584
1194   1584   1595
1192   1194   1595
1192   1595   1596
1190   1192   1596
1190   1596   1593
1188   1190   1593
1188   1593   1587
1213   1255   1576
1255   1588   1576
1187   1188   1587
1187   1587   1589
1573   1549   1546
1573   1546   1563
1572   1555   1573
1555   1549   1573
1571   1559   1572
1559   1555   1572
1531   1573   1563
1531   1563   1530
1538   1572   1531
1572   1573   1531
1542   1571   1538
1571   1572   1538
1570   1558   1571
1558   1559   1571
1569   1560   1570
1560   1558   1570
1568   1561   1569
1561   1560   1569
1543   1570   1542
1570   1571   1542
1544   1569   1543
1569   1570   1543
1545   1568   1544
1568   1569   1544
1567   1557   1561
1567   1561   1568
1566   1553   1567
1553   1557   1567
1565   1552   1566
1552   1553   1566
1541   1567   1545
1567   1568   1545
1536   1566   1541
1566   1567   1541
1537   1565   1536
1565   1566   1536
1564   1550   1552
1564   1552   1565
1562   1547   1550
1562   1550   1564
1563   1546   1547
1563   1547   1562
1535   1564   1565
1535   1565   1537
1533   1562   1564
1533   1564   1535
1530   1563   1562
1530   1562   1533
1556   1560   1561
1556   1561   1557
1554   1558   1556
1558   1560   1556
1555   1559   1554
1559   1558   1554
1551   1556   1557
1551   1557   1553
1548   1554   1556
1548   1556   1551
1549   1555   1548
1555   1554   1548
1550   1551   1552
1551   1553   1552
1547   1548   1551
1547   1551   1550
1546   1549   1548
1546   1548   1547
1540   1541   1545
1540   1545   1544
1539   1540   1544
1539   1544   1543
1538   1539   1542
1539   1543   1542
1534   1536   1540
1536   1541   1540
1532   1534   1540
1532   1540   1539
1531   1532   1538
1532   1539   1538
1535   1537   1534
1537   1536   1534
1533   1535   1534
1533   1534   1532
1530   1533   1532
1530   1532   1531
1526   1524   1507
1526   1507   1506
1491   1524   1526
1491   1526   1490
1515   1511   1498
1515   1498   1521
1512   1483   1511
1512   1511   1515
1522   1503   1523
1503   1507   1523
1520   1499   1503
1520   1503   1522
1521   1498   1499
1521   1499   1520
1518   1491   1487
1518   1487   1516
1487   1482   1513
1487   1513   1516
1482   1483   1512
1482   1512   1513
1529   1495   1492
1529   1492   1509
1528   1501   1529
1501   1495   1529
1527   1505   1528
1505   1501   1528
1477   1529   1509
1477   1509   1476
1484   1528   1477
1528   1529   1477
1488   1527   1484
1527   1528   1484
1525   1504   1505
1525   1505   1527
1526   1506   1525
1506   1504   1525
1524   1519   1523
1524   1523   1507
1489   1525   1527
1489   1527   1488
1490   1526   1489
1526   1525   1489
1518   1519   1524
1518   1524   1491
1517   1522   1523
1517   1523   1519
1514   1520   1522
1514   1522   1517
1515   1521   1514
1521   1520   1514
1516   1517   1519
1516   1519   1518
1513   1514   1517
1513   1517   1516
1512   1515   1513
1515   1514   1513
1510   1496   1498
1510   1498   1511
1508   1493   1496
1508   1496   1510
1509   1492   1508
1492   1493   1508
1483   1481   1510
1483   1510   1511
1479   1508   1510
1479   1510   1481
1476   1509   1479
1509   1508   1479
1503   1502   1506
1503   1506   1507
1500   1504   1506
1500   1506   1502
1501   1505   1500
1505   1504   1500
1499   1497   1502
1499   1502   1503
1494   1500   1497
1500   1502   1497
1495   1501   1494
1501   1500   1494
1496   1497   1499
1496   1499   1498
1493   1494   1496
1494   1497   1496
1492   1495   1494
1492   1494   1493
1490   1486   1487
1490   1487   1491
1485   1486   1489
1486   1490   1489
1484   1485   1488
1485   1489   1488
1486   1480   1482
1486   1482   1487
1478   1480   1485
1480   1486   1485
1477   1478   1484
1478   1485   1484
1481   1483   1482
1481   1482   1480
1479   1481   1480
1479   1480   1478
1476   1479   1478
1476   1478   1477
1472   1470   1453
1472   1453   1452
1436   1437   1470
1436   1470   1472
1457   1444   1467
1457   1467   1461
1429   1457   1461
1429   1461   1458
1468   1449   1469
1449   1453   1469
1466   1445   1449
1466   1449   1468
1444   1445   1467
1445   1466   1467
1437   1433   1464
1433   1462   1464
1433   1428   1459
1433   1459   1462
1459   1428   1458
1428   1429   1458
1475   1441   1438
1475   1438   1455
1474   1447   1475
1447   1441   1475
1473   1451   1474
1451   1447   1474
1423   1475   1455
1423   1455   1422
1430   1474   1423
1474   1475   1423
1434   1473   1430
1473   1474   1430
1471   1450   1451
1471   1451   1473
1472   1452   1471
1452   1450   1471
1470   1465   1453
1465   1469   1453
1435   1471   1473
1435   1473   1434
1436   1472   1435
1472   1471   1435
1437   1464   1470
1464   1465   1470
1463   1468   1469
1463   1469   1465
1460   1466   1468
1460   1468   1463
1461   1467   1460
1467   1466   1460
1462   1463   1465
1462   1465   1464
1459   1460   1463
1459   1463   1462
1458   1461   1459
1461   1460   1459
1456   1442   1444
1456   1444   1457
1454   1439   1456
1439   1442   1456
1455   1438   1454
1438   1439   1454
1427   1456   1457
1427   1457   1429
1425   1454   1427
1454   1456   1427
1422   1455   1425
1455   1454   1425
1449   1448   1452
1449   1452   1453
1446   1450   1448
1450   1452   1448
1447   1451   1446
1451   1450   1446
1445   1443   1448
1445   1448   1449
1440   1446   1448
1440   1448   1443
1441   1447   1446
1441   1446   1440
1442   1443   1445
1442   1445   1444
1439   1440   1443
1439   1443   1442
1438   1441   1440
1438   1440   1439
1436   1432   1433
1436   1433   1437
1431   1432   1435
1432   1436   1435
1430   1431   1434
1431   1435   1434
1432   1426   1428
1432   1428   1433
1424   1426   1432
1424   1432   1431
1423   1424   1431
1423   1431   1430
1427   1429   1428
1427   1428   1426
1425   1427   1426
1425   1426   1424
1422   1425   1424
1422   1424   1423
1418   1416   1399
1418   1399   1398
1382   1383   1418
1383   1416   1418
1403   1390   1413
1403   1413   1407
1375   1403   1407
1375   1407   1404
1414   1395   1415
1395   1399   1415
1391   1395   1414
1391   1414   1412
1390   1391   1413
1391   1412   1413
1383   1379   1410
1379   1408   1410
1408   1379   1374
1408   1374   1405
1405   1374   1404
1374   1375   1404
1421   1387   1384
1421   1384   1401
1420   1393   1387
1420   1387   1421
1419   1397   1420
1397   1393   1420
1369   1421   1401
1369   1401   1368
1376   1420   1421
1376   1421   1369
1380   1419   1376
1419   1420   1376
1417   1396   1397
1417   1397   1419
1418   1398   1417
1398   1396   1417
1416   1411   1399
1411   1415   1399
1381   1417   1419
1381   1419   1380
1382   1418   1381
1418   1417   1381
1383   1410   1416
1410   1411   1416
1409   1414   1415
1409   1415   1411
1406   1412   1409
1412   1414   1409
1407   1413   1406
1413   1412   1406
1408   1409   1411
1408   1411   1410
1405   1406   1408
1406   1409   1408
1404   1407   1405
1407   1406   1405
1402   1388   1390
1402   1390   1403
1400   1385   1388
1400   1388   1402
1401   1384   1400
1384   1385   1400
1373   1402   1403
1373   1403   1375
1371   1400   1402
1371   1402   1373
1368   1401   1371
1401   1400   1371
1395   1394   1398
1395   1398   1399
1392   1396   1394
1396   1398   1394
1393   1397   1392
1397   1396   1392
1389   1394   1395
1389   1395   1391
1386   1392   1394
1386   1394   1389
1387   1393   1392
1387   1392   1386
1388   1389   1391
1388   1391   1390
1385   1386   1389
1385   1389   1388
1384   1387   1386
1384   1386   1385
1382   1378   1379
1382   1379   1383
1377   1378   1381
1378   1382   1381
1376   1377   1380
1377   1381   1380
1372   1374   1379
1372   1379   1378
1370   1372   1378
1370   1378   1377
1369   1370   1377
1369   1377   1376
1373   1375   1374
1373   1374   1372
1371   1373   1372
1371   1372   1370
1368   1371   1370
1368   1370   1369
1338   1340   1333
1338   1333   1332
1321   1313   1352
1313   1350   1352
1363   1361   1341
1363   1341   1339
1318   1320   1361
1318   1361   1363
1349   1345   1328
1349   1328   1357
1346   1309   1345
1346   1345   1349
1360   1340   1359
1340   1341   1359
1329   1333   1356
1333   1358   1356
1328   1329   1357
1329   1356   1357
1320   1321   1353
1321   1352   1353
1350   1313   1347
1313   1308   1347
1308   1309   1346
1308   1346   1347
1367   1366   1325
1366   1331   1325
1310   1366   1367
1310   1367   1303
1355   1351   1360
1351   1358   1360
1352   1350   1355
1350   1351   1355
1358   1333   1360
1333   1340   1360
1338   1332   1335
1332   1330   1335
1335   1330   1334
1330   1331   1334
1319   1312   1313
1319   1313   1321
1317   1311   1312
1317   1312   1319
1314   1310   1311
1314   1311   1317
1367   1325   1322
1367   1322   1343
1366   1365   1334
1366   1334   1331
1364   1337   1365
1337   1334   1365
1303   1367   1343
1303   1343   1302
1314   1365   1310
1365   1366   1310
1315   1364   1314
1364   1365   1314
1362   1336   1364
1336   1337   1364
1363   1339   1362
1339   1336   1362
1361   1354   1359
1361   1359   1341
1316   1362   1315
1362   1364   1315
1318   1363   1316
1363   1362   1316
1320   1353   1354
1320   1354   1361
1355   1360   1359
1355   1359   1354
1351   1348   1356
1351   1356   1358
1349   1357   1348
1357   1356   1348
1352   1355   1354
1352   1354   1353
1350   1347   1348
1350   1348   1351
1346   1349   1347
1349   1348   1347
1344   1326   1328
1344   1328   1345
1342   1323   1326
1342   1326   1344
1343   1322   1323
1343   1323   1342
1309   1307   1344
1309   1344   1345
1305   1342   1344
1305   1344   1307
1302   1343   1342
1302   1342   1305
1340   1338   1339
1340   1339   1341
1335   1336   1338
1336   1339   1338
1334   1337   1335
1337   1336   1335
1327   1332   1333
1327   1333   1329
1327   1324   1330
1327   1330   1332
1324   1325   1331
1324   1331   1330
1326   1327   1329
1326   1329   1328
1323   1324   1327
1323   1327   1326
1322   1325   1324
1322   1324   1323
1318   1319   1321
1318   1321   1320
1317   1319   1316
1319   1318   1316
1314   1317   1315
1317   1316   1315
1306   1308   1313
1306   1313   1312
1311   1304   1306
1311   1306   1312
1310   1303   1304
1310   1304   1311
1307   1309   1308
1307   1308   1306
1305   1307   1306
1305   1306   1304
1302   1305   1304
1302   1304   1303
1268   1269   1166
1268   1166   1163
1268   1295   1269
1295   1301   1269
1175   1163   1164
1175   1164   1174
1113   1100   1131
1100   1296   1131
1100   1104   1296
1104   1133   1296
1114   1103   1113
1103   1100   1113
1122   1108   1114
1108   1103   1114
1129   1112   1108
1129   1108   1122
1130   1111   1129
1111   1112   1129
1174   1164   1130
1164   1111   1130
1107   257   1102
257   1101   1102
1109   254   1107
254   257   1107
1110   253   254
1110   254   1109
1165   1166   253
1165   253   1110
1298   259   260
1298   260   1297
1299   1293   259
1299   259   1298
1300   1294   1293
1300   1293   1299
1301   1295   1294
1301   1294   1300
1300   256   1269
1300   1269   1301
1299   255   256
1299   256   1300
1298   258   255
1298   255   1299
1297   1105   258
1297   258   1298
1104   1105   260
1105   1297   260
100   101   96
100   96   97
42   100   97
42   97   50
45   42   50
45   50   51
74   45   51
74   51   79
73   74   79
73   79   76
105   73   76
105   76   966
48   105   55
105   966   55
1250   280   286
1250   286   291
277   273   280
277   280   1250
122   89   273
122   273   277
120   88   89
120   89   122
118   84   88
118   88   120
114   81   84
114   84   118
115   80   81
115   81   114
126   103   80
126   80   115
127   36   103
127   103   126
128   35   127
35   36   127
129   71   35
129   35   128
70   71   129
70   129   130
107   70   131
70   130   131
41   107   132
107   131   132
293   286   284
293   284   289
1098   293   289
1098   289   1117
1099   1098   1117
1099   1117   1119
1116   1099   1119
1116   1119   1115
1089   1090   1116
1090   1099   1116
1076   1088   1078
1088   1091   1078
961   951   1247
951   1261   1247
952   1261   951
952   951   950
953   1260   952
1260   1261   952
959   1260   955
1260   954   955
95   117   119
95   119   1245
121   137   1245
121   1245   119
111   27   28
111   28   33
33   31   110
33   110   111
102   110   31
102   31   83
1092   1091   1131
1091   1089   1131
1093   1092   1296
1092   1131   1296
1094   1093   1133
1093   1296   1133
1132   1085   1133
1085   1094   1133
1084   1085   1132
1084   1132   1246
960   1083   1246
1083   1084   1246
1082   1083   960
1082   960   956
957   1134   1082
957   1082   956
1248   1087   1134
1248   1134   957
1095   1086   1087
1095   1087   1248
1088   1086   1090
1086   1095   1090
123   32   28
123   28   29
124   123   29
124   29   24
125   124   24
125   24   25
272   125   25
272   25   274
279   272   274
279   274   281
285   279   281
285   281   287
294   290   287
290   285   287
1118   290   294
1118   294   1123
1120   1118   1125
1118   1123   1125
1121   1120   1127
1120   1125   1127
1122   1121   1127
1122   1127   1129
1107   1108   1109
1108   1112   1109
1156   1268   1207
1156   1207   1205
1295   1268   1155
1268   1156   1155
234   1294   1295
234   1295   1155
235   1293   1294
235   1294   234
237   259   1293
237   1293   235
1176   1237   1238
1176   1238   1183
1183   1238   1254
1183   1254   1252
1184   1171   1168
1184   1168   1126
148   1140   1138
1140   1244   1138
1138   1244   1177
1244   1242   1177
1177   1242   1237
1177   1237   1176
1252   1254   1236
1252   1236   1179
1179   1236   1234
1179   1234   1178
1178   1234   1232
1178   1232   1181
1181   1232   1182
1232   1230   1182
1182   1230   1184
1230   1171   1184
1128   1172   1174
1128   1174   1130
1126   1168   1172
1126   1172   1128
1110   1111   1165
1111   1164   1165
233   234   1155
233   1155   223
464   1151   787
1151   1161   787
198   195   464
195   1151   464
169   1267   168
1267   1262   168
256   253   1269
253   1166   1269
223   1155   213
1155   1154   213
213   1154   195
1154   1151   195
787   1161   169
1161   1267   169
168   1262   158
1262   1139   158
158   1139   148
1139   1140   148
1189   1243   1141
1189   1141   1191
1185   1241   1189
1241   1243   1189
1186   1240   1185
1240   1241   1185
1219   1239   1186
1239   1240   1186
1256   1253   1219
1253   1239   1219
1235   1253   1256
1235   1256   1214
1211   1233   1214
1233   1235   1214
1231   1233   1211
1231   1211   1215
1229   1231   1215
1229   1215   1217
1170   1229   1223
1229   1217   1223
1169   1170   1223
1169   1223   1225
1173   1169   1227
1169   1225   1227
1175   1173   1227
1175   1227   1221
1163   1175   1221
1163   1221   1210
1268   1163   1210
1268   1210   1207
1204   1153   1156
1204   1156   1205
1201   1152   1153
1201   1153   1204
1197   1162   1152
1197   1152   1201
1266   1150   1162
1266   1162   1197
1149   1150   1266
1149   1266   1265
1263   1145   1265
1145   1149   1265
1264   1144   1145
1264   1145   1263
1142   1144   1264
1142   1264   1193
1191   1141   1142
1191   1142   1193
1267   1148   1146
1267   1146   1262
1161   1147   1148
1161   1148   1267
1162   1150   1147
1162   1147   1161
1198   1265   1266
1198   1266   1197
1195   1263   1198
1263   1265   1198
1193   1264   1263
1193   1263   1195
1142   1139   1143
1142   1143   1144
1262   1146   1143
1262   1143   1139
1247   1261   959
1261   1260   959
269   136   137
269   137   268
958   136   269
958   269   1249
957   958   1249
957   1249   1248
1077   1134   1087
1077   1087   1075
0   1077   4
1077   1075   4
1072   1071   967
1072   967   971
1084   1083   1071
1084   1071   1072
1247   959   960
1247   960   1246
91   136   955
136   958   955
1258   780   1259
780   775   1259
1259   775   776
1259   776   1257
779   1258   1259
779   1259   778
778   1259   777
1259   1257   777
769   1258   779
769   779   771
767   780   1258
767   1258   769
773   1257   776
773   776   774
772   777   773
777   1257   773
1238   1239   1253
1238   1253   1254
1160   1183   1252
1160   1252   1251
26   23   1160
26   1160   1251
1236   1254   1253
1236   1253   1235
1251   1252   1179
1251   1179   1180
26   1251   275
1251   1180   275
276   277   1250
276   1250   283
283   1250   291
283   291   267
1249   269   270
1249   270   1097
1248   1249   1097
1248   1097   1095
1246   962   961
1246   961   1247
1132   1106   962
1132   962   1246
262   962   1106
262   1106   261
1245   137   92
1245   92   95
276   268   121
268   137   121
291   292   270
291   270   267
1096   1097   292
1097   270   292
1167   1184   1124
1184   1126   1124
1244   1140   1141
1244   1141   1243
1241   1242   1243
1242   1244   1243
1240   1237   1242
1240   1242   1241
1237   1240   1239
1237   1239   1238
1234   1236   1235
1234   1235   1233
1232   1234   1231
1234   1233   1231
1230   1232   1229
1232   1231   1229
1171   1230   1170
1230   1229   1170
282   275   1180
282   1180   1158
1167   1159   1182
1167   1182   1184
1135   1176   1183
1135   1183   1160
1159   1157   1181
1159   1181   1182
1157   1158   1178
1157   1178   1181
1158   1180   1179
1158   1179   1178
1137   1138   1177
1137   1177   1136
1136   1177   1176
1136   1176   1135
1174   1172   1175
1172   1173   1175
1172   1168   1173
1168   1169   1173
1168   1171   1169
1171   1170   1169
295   1159   1167
295   1167   1124
1163   1166   1164
1166   1165   1164
1151   1152   1162
1151   1162   1161
1148   1149   1145
1148   1145   1146
8   1135   1160
8   1160   23
288   1157   1159
288   1159   295
282   1158   288
1158   1157   288
1155   1156   1154
1156   1153   1154
1151   1154   1152
1154   1153   1152
1147   1150   1149
1147   1149   1148
1143   1146   1145
1143   1145   1144
1139   1142   1141
1139   1141   1140
148   1138   138
1138   1137   138
138   1137   5
1137   1136   5
5   1136   8
1136   1135   8
1070   1082   1077
1082   1134   1077
262   243   245
262   245   266
1132   1133   1104
1132   1104   1106
1116   1113   1131
1116   1131   1089
1127   1128   1129
1128   1130   1129
1125   1126   1128
1125   1128   1127
1123   1124   1126
1123   1126   1125
294   295   1124
294   1124   1123
1114   1115   1121
1114   1121   1122
1115   1119   1120
1115   1120   1121
1119   1117   1118
1119   1118   1120
1117   289   290
1117   290   1118
1113   1116   1115
1113   1115   1114
1105   1101   258
1101   257   258
1109   1112   1110
1112   1111   1110
1102   1103   1107
1103   1108   1107
261   1106   260
1106   1104   260
1101   1105   1104
1101   1104   1100
1100   1103   1101
1103   1102   1101
1090   1096   1098
1090   1098   1099
292   293   1096
293   1098   1096
1095   1097   1096
1095   1096   1090
1081   1094   1085
1081   1085   1073
1081   1080   1094
1080   1093   1094
1080   1079   1092
1080   1092   1093
1079   1078   1091
1079   1091   1092
1089   1091   1088
1089   1088   1090
1074   1086   1076
1086   1088   1076
1075   1087   1086
1075   1086   1074
1072   1073   1085
1072   1085   1084
1070   1071   1083
1070   1083   1082
1048   1081   1073
1048   1073   969
1047   1080   1081
1047   1081   1048
1046   1079   1047
1079   1080   1047
976   1078   1046
1078   1079   1046
974   1076   976
1076   1078   976
1077   0   1070
0   1   1070
972   1074   974
1074   1076   974
4   1075   1074
4   1074   972
969   1073   1072
969   1072   971
1   967   1071
1   1071   1070
1027   1028   1062
1027   1062   1060
1050   1066   1065
1050   1065   1049
1058   1066   1067
1058   1067   1059
1054   1062   1064
1054   1064   1056
1026   1058   1059
1026   1059   1016
1033   1054   1042
1054   1056   1042
1068   1050   1030
1050   1029   1030
1032   1033   1042
1032   1042   1043
1031   1032   1034
1032   1043   1034
1035   1023   1031
1035   1031   1034
1069   1028   1029
1069   1029   1051
1045   1026   1044
1026   1025   1044
1044   1025   1039
1025   1024   1039
1024   1021   1038
1024   1038   1039
1036   1022   1035
1022   1023   1035
1038   1021   1022
1038   1022   1036
1060   1061   1027
1061   1030   1027
1064   1062   1069
1062   1028   1069
1051   1063   1064
1051   1064   1069
1065   1063   1051
1065   1051   1049
1068   1067   1066
1068   1066   1050
1030   1061   1067
1030   1067   1068
1059   1067   1053
1067   1061   1053
1058   1057   1066
1057   1065   1066
1057   1055   1063
1057   1063   1065
1056   1064   1063
1056   1063   1055
1054   1052   1060
1054   1060   1062
1052   1053   1061
1052   1061   1060
1016   1059   1018
1059   1053   1018
1026   1045   1057
1026   1057   1058
1041   1055   1057
1041   1057   1045
1042   1056   1041
1056   1055   1041
1033   1017   1052
1033   1052   1054
1018   1053   1052
1018   1052   1017
970   987   1048
970   1048   969
983   986   987
983   987   970
996   998   983
998   986   983
1006   1008   996
1008   998   996
1016   1018   1006
1018   1008   1006
1049   1051   1029
1049   1029   1050
1047   1048   987
1047   987   984
989   1046   984
1046   1047   984
976   1046   989
976   989   977
1040   1041   1045
1040   1045   1044
1037   1040   1044
1037   1044   1039
1034   1043   1037
1043   1040   1037
1040   1043   1042
1040   1042   1041
1038   1036   1037
1038   1037   1039
1034   1037   1035
1037   1036   1035
1020   1017   1033
1020   1033   1032
1019   1020   1031
1020   1032   1031
1019   1031   1023
1019   1023   1013
1027   1030   1029
1027   1029   1028
1015   1025   1016
1025   1026   1016
1014   1024   1015
1024   1025   1015
1014   1011   1021
1014   1021   1024
1013   1023   1022
1013   1022   1012
1011   1012   1022
1011   1022   1021
1007   1017   1010
1017   1020   1010
1010   1020   1019
1010   1019   1009
1009   1019   1013
1009   1013   1003
1007   1008   1018
1007   1018   1017
1005   1015   1006
1015   1016   1006
1004   1014   1005
1014   1015   1005
1001   1011   1004
1011   1014   1004
1003   1013   1012
1003   1012   1002
1002   1012   1001
1012   1011   1001
997   1007   1000
1007   1010   1000
1000   1010   999
1010   1009   999
999   1009   1003
999   1003   993
997   998   1008
997   1008   1007
995   1005   1006
995   1006   996
994   1004   1005
994   1005   995
991   1001   994
1001   1004   994
993   1003   992
1003   1002   992
992   1002   991
1002   1001   991
985   997   990
997   1000   990
990   1000   988
1000   999   988
988   999   980
999   993   980
985   986   998
985   998   997
982   995   996
982   996   983
981   994   995
981   995   982
978   991   981
991   994   981
980   993   992
980   992   979
979   992   978
992   991   978
984   985   989
985   990   989
989   990   977
990   988   977
977   988   975
988   980   975
984   987   986
984   986   985
968   982   983
968   983   970
2   981   982
2   982   968
3   978   2
978   981   2
975   980   973
980   979   973
973   979   3
979   978   3
976   977   974
977   975   974
974   975   972
975   973   972
972   973   4
973   3   4
969   971   970
971   968   970
2   968   967
2   967   1
965   77   963
965   963   964
966   76   77
966   77   965
61   964   457
964   135   457
62   965   964
62   964   61
112   966   965
112   965   62
134   963   77
134   77   78
963   134   964
134   135   964
132   131   49
131   104   49
266   961   962
266   962   262
265   951   961
265   961   266
956   960   959
956   959   955
956   955   958
956   958   957
56   953   952
56   952   59
91   955   954
91   954   90
90   954   953
90   953   56
59   952   950
59   950   135
949   951   263
951   265   263
948   950   949
950   951   949
457   135   948
135   950   948
830   949   264
949   263   264
825   948   830
948   949   830
456   457   825
457   948   825
908   909   940
908   940   938
928   944   927
944   943   927
936   944   945
936   945   937
932   940   942
932   942   934
907   936   937
907   937   897
914   932   934
914   934   923
946   928   910
946   910   911
913   914   923
913   923   924
912   913   915
913   924   915
916   904   912
916   912   915
947   909   910
947   910   929
926   907   925
907   906   925
925   906   920
906   905   920
905   902   919
905   919   920
917   903   916
903   904   916
919   902   903
919   903   917
938   939   908
939   911   908
942   940   947
940   909   947
929   941   947
941   942   947
943   941   929
943   929   927
946   945   928
945   944   928
911   939   946
939   945   946
937   945   939
937   939   931
936   935   943
936   943   944
935   933   943
933   941   943
934   942   941
934   941   933
932   930   938
932   938   940
930   931   939
930   939   938
897   937   899
937   931   899
907   926   935
907   935   936
922   933   926
933   935   926
923   934   922
934   933   922
914   898   930
914   930   932
899   931   930
899   930   898
795   797   250
797   249   250
803   805   795
805   797   795
813   805   811
805   803   811
823   813   821
813   811   821
818   848   821
848   823   821
846   851   818
851   848   818
847   868   846
868   851   846
864   867   847
867   868   847
877   879   864
879   867   864
887   889   877
889   879   877
897   899   887
899   889   887
927   929   910
927   910   928
845   846   818
845   818   819
819   837   842
819   842   845
810   820   821
810   821   811
809   817   820
809   820   810
817   837   820
837   819   820
822   823   848
822   848   849
850   851   865
851   868   865
833   822   849
833   849   853
828   833   853
828   853   838
870   854   850
870   850   865
852   854   858
854   870   858
852   838   853
852   853   854
921   922   926
921   926   925
918   921   925
918   925   920
915   924   918
924   921   918
921   924   923
921   923   922
919   917   918
919   918   920
915   918   916
918   917   916
901   898   914
901   914   913
900   901   913
900   913   912
900   912   904
900   904   894
908   911   910
908   910   909
896   906   907
896   907   897
895   905   896
905   906   896
895   892   902
895   902   905
894   904   893
904   903   893
892   893   902
893   903   902
888   898   901
888   901   891
891   901   900
891   900   890
890   900   894
890   894   884
888   889   899
888   899   898
886   896   897
886   897   887
885   895   886
895   896   886
882   892   885
892   895   885
884   894   893
884   893   883
883   893   882
893   892   882
878   888   891
878   891   881
881   891   890
881   890   880
880   890   884
880   884   874
878   879   889
878   889   888
876   886   877
886   887   877
875   885   876
885   886   876
872   882   875
882   885   875
874   884   873
884   883   873
873   883   872
883   882   872
866   878   871
878   881   871
871   881   880
871   880   869
869   880   874
869   874   861
866   867   879
866   879   878
863   876   877
863   877   864
862   875   863
875   876   863
859   872   862
872   875   862
861   874   873
861   873   860
860   873   859
873   872   859
865   866   870
866   871   870
870   871   869
870   869   858
858   869   861
858   861   857
865   868   867
865   867   866
843   863   864
843   864   847
844   862   863
844   863   843
855   859   862
855   862   844
857   861   860
857   860   856
856   860   859
856   859   855
852   858   857
852   857   841
839   855   842
855   844   842
841   857   856
841   856   840
840   856   855
840   855   839
849   850   854
849   854   853
838   852   836
852   841   836
848   851   850
848   850   849
846   845   847
845   843   847
843   845   844
845   842   844
837   834   842
834   839   842
836   841   835
841   840   835
835   840   839
835   839   834
816   828   836
828   838   836
814   834   817
834   837   817
816   836   835
816   835   815
815   835   814
835   834   814
832   812   822
832   822   833
831   804   812
831   812   832
829   796   804
829   804   831
830   264   796
830   796   829
828   827   833
827   832   833
826   831   832
826   832   827
824   829   831
824   831   826
825   830   829
825   829   824
808   827   816
827   828   816
800   826   827
800   827   808
792   824   826
792   826   800
456   825   824
456   824   792
812   813   823
812   823   822
818   821   819
821   820   819
806   814   817
806   817   809
808   816   815
808   815   807
807   815   814
807   814   806
805   813   804
813   812   804
802   810   811
802   811   803
801   809   810
801   810   802
798   806   809
798   809   801
800   808   807
800   807   799
799   807   806
799   806   798
796   797   805
796   805   804
794   802   795
802   803   795
801   802   794
801   794   793
790   798   801
790   801   793
792   800   791
800   799   791
791   799   790
799   798   790
264   249   797
264   797   796
789   794   795
789   795   250
788   793   794
788   794   789
63   790   788
790   793   788
456   792   791
456   791   60
60   791   63
791   790   63
666   789   250
666   250   231
661   788   789
661   789   666
113   63   788
113   788   661
236   233   224
233   223   224
238   236   224
238   224   225
226   240   225
240   238   225
227   241   226
241   240   226
228   244   241
228   241   227
229   246   244
229   244   228
232   252   246
232   246   229
230   247   252
230   252   232
250   247   231
247   230   231
786   787   169
786   169   170
785   786   170
785   170   172
784   785   172
784   172   174
783   784   174
783   174   176
782   783   176
782   176   177
781   782   177
781   177   180
625   781   180
625   180   187
191   625   187
191   187   183
463   464   787
463   787   786
462   463   786
462   786   785
461   462   785
461   785   784
460   461   784
460   784   783
459   460   783
459   783   782
781   458   782
458   459   782
625   194   781
194   458   781
765   773   774
765   774   766
761   769   771
761   771   763
743   765   766
743   766   733
746   761   763
746   763   755
745   746   755
745   755   756
744   745   756
744   756   747
748   740   744
748   744   747
758   743   742
758   742   757
757   742   741
757   741   752
741   738   751
741   751   752
749   739   740
749   740   748
751   738   749
738   739   749
767   768   775
767   775   780
778   770   779
770   771   779
772   770   777
770   778   777
775   768   774
775   774   776
766   774   760
774   768   760
765   764   773
764   772   773
764   762   770
764   770   772
763   771   770
763   770   762
761   759   767
761   767   769
759   760   768
759   768   767
733   766   735
766   760   735
743   758   764
743   764   765
754   762   764
754   764   758
755   763   754
763   762   754
746   734   759
746   759   761
735   760   759
735   759   734
631   633   210
633   221   210
639   641   633
639   633   631
649   641   639
649   639   647
659   649   647
659   647   657
654   684   657
684   659   657
682   687   684
682   684   654
683   704   687
683   687   682
700   703   683
703   704   683
713   715   700
715   703   700
723   725   715
723   715   713
733   735   723
735   725   723
681   682   654
681   654   655
655   673   678
655   678   681
646   656   657
646   657   647
645   653   646
653   656   646
653   673   655
653   655   656
658   659   684
658   684   685
686   687   701
687   704   701
669   658   685
669   685   689
664   669   689
664   689   674
706   690   686
706   686   701
688   690   694
690   706   694
688   674   689
688   689   690
753   754   758
753   758   757
750   753   752
753   757   752
747   756   753
747   753   750
753   756   755
753   755   754
751   749   750
751   750   752
747   750   748
750   749   748
737   734   746
737   746   745
736   737   745
736   745   744
736   744   730
744   740   730
732   742   743
732   743   733
731   741   742
731   742   732
731   728   738
731   738   741
730   740   729
740   739   729
728   729   738
729   739   738
724   734   737
724   737   727
727   737   736
727   736   726
726   736   730
726   730   720
724   725   735
724   735   734
722   732   733
722   733   723
721   731   722
731   732   722
718   728   721
728   731   721
720   730   729
720   729   719
719   729   718
729   728   718
714   724   727
714   727   717
717   727   726
717   726   716
716   726   720
716   720   710
714   715   724
715   725   724
712   722   713
722   723   713
711   721   712
721   722   712
708   718   711
718   721   711
710   720   719
710   719   709
709   719   708
719   718   708
702   714   707
714   717   707
707   717   716
707   716   705
705   716   710
705   710   697
702   703   715
702   715   714
699   712   713
699   713   700
698   711   699
711   712   699
695   708   698
708   711   698
697   710   709
697   709   696
696   709   695
709   708   695
701   702   706
702   707   706
706   707   705
706   705   694
694   705   697
694   697   693
701   704   703
701   703   702
679   699   700
679   700   683
680   698   699
680   699   679
691   695   680
695   698   680
693   697   696
693   696   692
692   696   695
692   695   691
688   694   693
688   693   677
675   691   678
691   680   678
677   693   692
677   692   676
676   692   691
676   691   675
685   686   690
685   690   689
674   688   672
688   677   672
684   687   686
684   686   685
682   681   679
682   679   683
679   681   680
681   678   680
673   670   675
673   675   678
672   677   676
672   676   671
671   676   670
676   675   670
652   664   672
664   674   672
650   670   653
670   673   653
652   672   671
652   671   651
651   671   650
671   670   650
668   648   658
668   658   669
667   640   648
667   648   668
665   632   640
665   640   667
666   231   632
666   632   665
664   663   669
663   668   669
662   667   668
662   668   663
660   665   667
660   667   662
661   666   660
666   665   660
644   663   664
644   664   652
636   662   663
636   663   644
628   660   636
660   662   636
113   661   628
661   660   628
648   649   659
648   659   658
654   657   656
654   656   655
642   650   653
642   653   645
644   652   651
644   651   643
643   651   650
643   650   642
641   649   640
649   648   640
638   646   647
638   647   639
637   645   638
645   646   638
634   642   645
634   645   637
636   644   643
636   643   635
635   643   634
643   642   634
632   633   641
632   641   640
630   638   631
638   639   631
629   637   638
629   638   630
626   634   629
634   637   629
628   636   635
628   635   627
627   635   626
635   634   626
231   221   633
231   633   632
624   630   631
624   631   210
629   630   623
630   624   623
47   626   623
626   629   623
113   628   54
628   627   54
54   627   626
54   626   47
188   194   625
188   625   191
505   624   210
505   210   211
500   623   624
500   624   505
46   47   623
46   623   500
583   584   613
584   615   613
603   619   602
619   618   602
611   619   620
611   620   612
607   615   617
607   617   609
582   611   572
611   612   572
589   607   609
589   609   598
621   603   585
621   585   586
588   589   598
588   598   599
587   588   599
587   599   590
591   579   587
591   587   590
622   584   585
622   585   604
601   582   581
601   581   600
600   581   580
600   580   595
580   577   594
580   594   595
592   578   591
578   579   591
594   577   578
594   578   592
613   614   583
614   586   583
617   615   622
615   584   622
604   616   622
616   617   622
618   616   604
618   604   602
621   620   603
620   619   603
586   614   620
586   620   621
612   620   606
620   614   606
611   610   618
611   618   619
610   608   616
610   616   618
609   617   616
609   616   608
607   605   613
607   613   615
605   606   614
605   614   613
572   612   574
612   606   574
582   601   610
582   610   611
597   608   610
597   610   601
598   609   597
609   608   597
589   573   605
589   605   607
574   606   605
574   605   573
470   472   190
472   189   190
478   479   472
478   472   470
488   479   478
488   478   486
498   488   486
498   486   496
493   523   496
523   498   496
521   526   523
521   523   493
522   543   526
522   526   521
539   542   522
542   543   522
552   554   542
552   542   539
562   564   554
562   554   552
572   574   562
574   564   562
602   604   585
602   585   603
520   521   493
520   493   494
494   512   517
494   517   520
485   495   496
485   496   486
484   492   485
492   495   485
492   512   495
512   494   495
497   498   523
497   523   524
525   526   543
525   543   540
508   497   524
508   524   528
503   508   528
503   528   513
545   529   525
545   525   540
527   529   533
529   545   533
527   513   528
527   528   529
596   597   601
596   601   600
593   596   595
596   600   595
590   599   593
599   596   593
596   599   598
596   598   597
594   592   593
594   593   595
590   593   591
593   592   591
576   573   589
576   589   588
575   576   588
575   588   587
575   587   569
587   579   569
583   586   585
583   585   584
571   581   582
571   582   572
570   580   581
570   581   571
570   567   580
567   577   580
569   579   568
579   578   568
567   568   578
567   578   577
563   573   566
573   576   566
566   576   575
566   575   565
565   575   569
565   569   559
563   564   574
563   574   573
561   571   572
561   572   562
560   570   571
560   571   561
557   567   570
557   570   560
559   569   568
559   568   558
558   568   557
568   567   557
553   563   566
553   566   556
556   566   565
556   565   555
555   565   559
555   559   549
553   554   563
554   564   563
551   561   552
561   562   552
550   560   551
560   561   551
547   557   550
557   560   550
549   559   558
549   558   548
548   558   547
558   557   547
541   553   546
553   556   546
546   556   544
556   555   544
544   555   549
544   549   536
541   542   554
541   554   553
538   551   552
538   552   539
537   550   538
550   551   538
534   547   537
547   550   537
536   549   548
536   548   535
535   548   534
548   547   534
540   541   545
541   546   545
545   546   533
546   544   533
533   544   536
533   536   532
540   543   542
540   542   541
518   538   539
518   539   522
519   537   538
519   538   518
530   534   537
530   537   519
532   536   535
532   535   531
531   535   530
535   534   530
527   533   532
527   532   516
514   530   517
530   519   517
516   532   531
516   531   515
515   531   514
531   530   514
524   525   529
524   529   528
513   527   511
527   516   511
523   526   525
523   525   524
521   520   518
521   518   522
518   520   519
520   517   519
512   509   514
512   514   517
511   516   515
511   515   510
510   515   509
515   514   509
491   503   511
503   513   511
489   509   512
489   512   492
491   511   510
491   510   490
490   510   509
490   509   489
507   487   497
507   497   508
506   480   487
506   487   507
504   471   480
504   480   506
505   211   471
505   471   504
503   502   508
502   507   508
501   506   507
501   507   502
506   501   499
506   499   504
500   505   504
500   504   499
483   502   491
502   503   491
475   501   483
501   502   483
499   501   475
499   475   467
499   467   500
467   46   500
487   488   498
487   498   497
493   496   495
493   495   494
481   489   484
489   492   484
483   491   490
483   490   482
482   490   489
482   489   481
479   488   480
488   487   480
477   485   486
477   486   478
476   484   485
476   485   477
473   481   476
481   484   476
475   483   474
483   482   474
474   482   473
482   481   473
479   480   471
479   471   472
469   477   478
469   478   470
468   476   477
468   477   469
465   473   468
473   476   468
467   475   474
467   474   466
466   474   473
466   473   465
211   189   471
189   472   471
434   469   190
469   470   190
433   468   434
468   469   434
40   465   433
465   468   433
46   467   466
46   466   133
133   466   465
133   465   40
463   197   464
197   198   464
462   200   463
200   197   463
461   202   462
202   200   462
460   206   461
206   202   461
459   205   460
205   206   460
458   208   459
208   205   459
194   192   458
192   208   458
189   211   193
189   193   188
60   61   456
61   457   456
54   55   112
54   112   113
133   132   49
133   49   46
414   415   448
414   448   446
436   452   435
452   451   435
444   452   453
444   453   445
440   448   450
440   450   442
413   444   445
413   445   403
420   440   442
420   442   429
454   436   416
454   416   417
419   420   429
419   429   430
418   419   430
418   430   421
422   410   418
422   418   421
455   415   416
455   416   437
432   413   412
432   412   431
431   412   411
431   411   426
411   408   425
411   425   426
423   409   410
423   410   422
425   408   423
408   409   423
446   447   417
446   417   414
450   448   455
448   415   455
437   449   450
437   450   455
451   449   435
449   437   435
454   453   436
453   452   436
417   447   454
447   453   454
445   453   447
445   447   439
444   443   451
444   451   452
443   441   449
443   449   451
442   450   449
442   449   441
440   438   446
440   446   448
438   439   447
438   447   446
403   445   405
445   439   405
413   432   443
413   443   444
428   441   443
428   443   432
429   442   428
442   441   428
420   404   438
420   438   440
405   439   438
405   438   404
171   168   159
168   158   159
173   171   159
173   159   160
175   173   160
175   160   161
179   175   161
179   161   162
178   179   162
178   162   163
181   178   163
181   163   164
186   181   164
186   164   167
182   186   167
182   167   165
185   182   165
185   165   166
301   303   166
303   185   166
309   311   301
311   303   301
319   311   317
311   309   317
329   319   317
329   317   327
324   354   327
354   329   327
352   357   354
352   354   324
353   374   357
353   357   352
370   373   374
370   374   353
383   385   373
383   373   370
393   395   385
393   385   383
403   405   393
405   395   393
435   437   416
435   416   436
330   433   434
330   434   336
336   434   184
434   190   184
433   330   39
433   39   40
351   352   324
351   324   325
325   343   348
325   348   351
316   326   327
316   327   317
315   323   326
315   326   316
323   343   325
323   325   326
328   329   354
328   354   355
356   357   371
357   374   371
339   328   355
339   355   359
334   339   359
334   359   344
376   360   356
376   356   371
358   360   364
360   376   364
358   344   359
358   359   360
427   428   431
428   432   431
424   427   426
427   431   426
421   430   427
421   427   424
427   430   429
427   429   428
425   423   424
425   424   426
421   424   422
424   423   422
407   404   420
407   420   419
406   407   419
406   419   418
406   418   410
406   410   400
414   417   416
414   416   415
402   412   413
402   413   403
401   411   412
401   412   402
401   398   411
398   408   411
400   410   399
410   409   399
398   399   408
399   409   408
394   404   397
404   407   397
397   407   406
397   406   396
396   406   400
396   400   390
394   395   405
394   405   404
392   402   403
392   403   393
391   401   402
391   402   392
388   398   391
398   401   391
390   400   399
390   399   389
389   399   388
399   398   388
384   394   387
394   397   387
387   397   396
387   396   386
386   396   380
396   390   380
384   385   395
384   395   394
382   392   393
382   393   383
381   391   382
391   392   382
378   388   391
378   391   381
380   390   379
390   389   379
379   389   388
379   388   378
372   384   377
384   387   377
377   387   375
387   386   375
375   386   367
386   380   367
372   373   385
372   385   384
369   382   383
369   383   370
368   381   369
381   382   369
365   378   368
378   381   368
367   380   379
367   379   366
366   379   365
379   378   365
371   372   376
372   377   376
376   377   375
376   375   364
364   375   363
375   367   363
371   374   373
371   373   372
349   369   353
369   370   353
350   368   369
350   369   349
361   365   368
361   368   350
363   367   366
363   366   362
362   366   365
362   365   361
358   364   363
358   363   347
345   361   348
361   350   348
347   363   362
347   362   346
346   362   345
362   361   345
355   356   360
355   360   359
344   358   342
358   347   342
354   357   355
357   356   355
352   351   349
352   349   353
349   351   350
351   348   350
343   340   348
340   345   348
342   347   341
347   346   341
341   346   345
341   345   340
322   334   342
334   344   342
320   340   323
340   343   323
322   342   341
322   341   321
321   341   320
341   340   320
338   318   328
338   328   339
337   310   318
337   318   338
335   302   310
335   310   337
336   184   302
336   302   335
334   333   339
333   338   339
332   337   338
332   338   333
335   337   331
337   332   331
330   336   335
330   335   331
314   333   334
314   334   322
306   332   333
306   333   314
298   331   306
331   332   306
330   331   298
330   298   39
184   190   183
190   191   183
318   319   329
318   329   328
324   327   326
324   326   325
312   320   315
320   323   315
314   322   321
314   321   313
313   321   320
313   320   312
311   319   310
319   318   310
308   316   309
316   317   309
307   315   316
307   316   308
304   312   315
304   315   307
306   314   313
306   313   305
305   313   312
305   312   304
302   303   311
302   311   310
300   308   301
308   309   301
299   307   308
299   308   300
296   304   299
304   307   299
298   306   305
298   305   297
297   305   304
297   304   296
184   185   302
185   303   302
156   300   301
156   301   166
147   299   300
147   300   156
299   147   19
299   19   296
39   298   20
298   297   20
20   297   296
20   296   19
16   13   37
13   110   37
288   295   287
295   294   287
291   286   292
286   293   292
285   290   289
285   289   284
282   288   287
282   287   281
280   278   284
280   284   286
279   285   284
279   284   278
276   283   267
276   267   268
274   275   281
275   282   281
273   271   278
273   278   280
272   279   278
272   278   271
122   277   121
277   276   121
26   275   274
26   274   25
89   86   271
89   271   273
125   272   271
125   271   86
267   270   268
270   269   268
251   265   266
251   266   245
248   263   265
248   265   251
239   242   261
239   261   260
249   264   263
249   263   248
243   262   261
243   261   242
239   260   259
239   259   237
254   255   258
254   258   257
253   256   255
253   255   254
245   246   252
245   252   251
251   252   247
251   247   248
239   240   242
240   241   242
247   250   249
247   249   248
244   246   243
246   245   243
241   244   242
244   243   242
237   238   239
238   240   239
236   238   237
236   237   235
233   236   234
236   235   234
222   232   229
222   229   219
220   230   232
220   232   222
217   227   216
227   226   216
221   231   230
221   230   220
219   229   218
229   228   218
218   228   227
218   227   217
216   226   215
226   225   215
215   225   214
225   224   214
214   224   213
224   223   213
212   222   207
222   219   207
209   220   212
220   222   212
203   217   201
217   216   201
210   221   209
221   220   209
207   219   204
219   218   204
204   218   203
218   217   203
201   216   199
216   215   199
199   215   196
215   214   196
196   214   195
214   213   195
207   208   212
208   192   212
212   192   209
192   193   209
201   202   203
202   206   203
209   193   211
209   211   210
204   205   207
205   208   207
203   206   204
206   205   204
199   200   201
200   202   201
196   197   199
197   200   199
195   198   196
198   197   196
192   194   188
192   188   193
188   191   189
191   190   189
181   186   180
186   187   180
186   182   183
186   183   187
175   179   176
175   176   174
182   185   184
182   184   183
177   178   180
178   181   180
176   179   177
179   178   177
173   175   174
173   174   172
171   173   172
171   172   170
168   171   169
171   170   169
157   167   154
167   164   154
155   165   167
155   167   157
152   162   151
162   161   151
156   166   155
166   165   155
154   164   153
164   163   153
153   163   152
163   162   152
151   161   150
161   160   150
150   160   149
160   159   149
149   159   158
149   158   148
145   157   154
145   154   144
146   155   157
146   157   145
142   152   141
152   151   141
147   156   146
156   155   146
144   154   143
154   153   143
143   153   142
153   152   142
141   151   140
151   150   140
140   150   139
150   149   139
139   149   138
149   148   138
64   145   144
64   144   17
22   146   108
146   145   108
12   142   141
12   141   11
19   147   146
19   146   22
65   108   64
108   145   64
17   144   143
17   143   15
15   143   142
15   142   12
11   141   9
141   140   9
9   140   6
140   139   6
6   139   5
139   138   5
91   92   136
92   137   136
96   116   117
96   117   95
116   96   101
116   101   98
58   59   134
59   135   134
52   58   78
58   134   78
79   51   52
79   52   78
75   44   45
75   45   74
128   44   129
44   75   129
34   35   71
34   71   68
18   34   68
18   68   67
64   17   67
17   18   67
48   49   105
49   104   105
106   107   41
106   41   38
109   106   38
109   38   21
108   109   21
108   21   22
132   133   40
132   40   41
72   104   131
72   131   130
75   72   130
75   130   129
127   43   128
43   44   128
99   43   126
43   127   126
98   99   115
99   126   115
14   11   9
14   9   10
111   14   10
111   10   27
124   125   86
124   86   87
123   124   87
123   87   85
32   123   85
32   85   82
31   32   83
32   82   83
119   120   122
119   122   121
117   118   120
117   120   119
116   114   118
116   118   117
114   116   98
114   98   115
112   62   63
112   63   113
53   57   52
57   58   52
94   93   53
93   57   53
95   92   94
92   93   94
87   88   84
87   84   85
30   23   24
30   24   29
30   7   23
7   8   23
27   10   30
10   7   30
110   13   14
110   14   111
37   34   16
34   18   16
69   66   67
69   67   68
106   109   66
106   66   69
39   20   21
39   21   38
66   109   65
109   108   65
69   70   107
69   107   106
73   105   104
73   104   72
56   57   90
57   93   90
97   94   50
94   53   50
42   43   99
42   99   100
102   103   36
102   36   37
83   80   103
83   103   102
98   101   100
98   100   99
94   97   95
97   96   95
90   93   91
93   92   91
86   89   88
86   88   87
81   82   85
81   85   84
80   83   82
80   82   81
76   79   78
76   78   77
72   75   74
72   74   73
68   71   70
68   70   69
64   67   66
64   66   65
60   63   62
60   62   61
56   59   58
56   58   57
47   48   54
48   55   54
50   53   51
53   52   51
46   49   47
49   48   47
42   45   44
42   44   43
38   41   40
38   40   39
34   37   35
37   36   35
31   33   32
33   28   32
27   30   29
27   29   28
23   26   24
26   25   24
19   22   20
22   21   20
16   18   15
18   17   15
12   13   16
12   16   15
11   14   13
11   13   12
6   7   9
7   10   9
5   8   6
8   7   6
