0 0 0
-27.6102 27.2154 10.0318
-63.6493 34.3719 9.79399
-98.1999 38.2594 9.11787
-118.433 40.1695 7.00445
-33.0728 4.72562 9.12285
-74.6774 3.83538 7.70795
-107.611 2.6419 8.2531
-126.924 2.44805 5.48699
-16.5681 -37.33 13.3133
-48.5252 -49.8561 13.918
-72.7607 -59.823 13.4891
-88.588 -66.7847 13.2755
-27.7515 -17.756 9.42344
-65.5864 -23.4094 5.33415
-98.9397 -29.1175 3.99613
-118.337 -31.7929 2.41514
47.4029 42.1899 11.7122
19.739 64.1827 19.3058
-9.70357 91.3832 23.3067
-23.1871 109.32 27.5217
79.4465 -5.27439 13.4948
261.532 -28.8278 96.0509
