0 0 0
10.0318 27.2154 27.6102
9.79399 34.3719 63.6493
9.11786 38.2594 98.1999
29.4407 38.4581 100.304
9.12285 4.72562 33.0728
7.70794 3.83538 74.6774
8.25309 2.6419 107.611
5.48699 2.44805 126.924
13.3133 -37.33 16.5681
13.918 -49.8561 48.5252
13.4891 -59.823 72.7607
13.2755 -66.7847 88.588
9.42344 -17.756 27.7515
5.33415 -23.4094 65.5864
3.99613 -29.1175 98.9397
2.41514 -31.7929 118.337
11.7122 42.1899 -47.4029
19.3058 64.1827 -19.739
23.3067 91.3832 9.70357
27.5217 109.32 23.1871
13.4948 -5.27439 -79.4465
96.0509 -28.8278 -261.532
