19.941 60.8315 18.2628 
19.0208 60.8326 18.2722 
16.9164 65.8064 19.4269 
17.5867 65.1608 19.3288 
19.6474 60.8965 18.2912 
17.1556 -1.13895 2.91405 
7.9858 -0.919196 1.51973 
5.45814 0.0277629 1.02085 
9.55321 -0.0664748 1.66854 
2.74376 -2.78048 1.55647 
0.880082 -2.05629 1.09443 
-2.14484 -5.11455 1.84181 
-3.91549 -8.82212 3.14631 
-2.99902 -6.75718 2.40987 
-1.79379 -4.04164 1.4414 
-6.42237 -14.4704 5.16072 
-4.96364 -11.1837 3.98855 
-9.09485 -20.4919 7.30819 
-8.08028 -17.5224 6.29634 
-15.8369 -35.6827 12.7258 
-16.8345 -35.0359 12.695 
-16.3027 -33.2781 12.1067 
-15.6044 -34.6344 12.3881 
9.68858 2.87552 1.92979 
8.04056 5.27055 1.8344 
9.19027 5.83678 2.08157 
11.6596 4.31028 2.391 
1.72275 0.252417 1.09478 
2.37669 1.31557 1.20364 
4.22029 3.5689 1.09243 
5.79851 2.26045 1.19852 
1.11965 -0.568143 1.48263 
2.85212 1.68811 1.36012 
1.00506 -0.591897 1.39402 
-5.98024 -12.0817 4.40493 
-5.28743 -8.59691 3.38719 
-1.26703 -3.8871 1.86808 
-2.77087 -6.35594 2.31349 
-16.4457 -30.3019 11.273 
-18.4517 -31.3954 11.8995 
-20.2626 -26.7222 10.8372 
-18.5959 -26.4558 10.7034 
-1.8387 5.48828 2.80772 
-1.73841 2.33749 2.51574 
-5.67877 -0.0300787 3.11517 
-5.93901 3.86178 3.58323 
-27.459 -11.905 8.98162 
-28.9095 -2.59325 8.5432 
-27.346 -2.37239 8.56473 
-24.5713 -10.3778 8.5055 
-2.87857 9.40883 3.69871 
-7.58441 9.30568 4.38767 
-12.7861 17.5746 6.92554 
-7.06395 16.724 6.23601 
-31.1316 5.25618 8.93663 
-28.8606 5.35868 8.45245 
-12.3395 27.8045 9.54032 
-11.2263 24.5988 8.71557 
-17.0711 23.5417 8.71415 
-17.5409 25.8338 9.15195 
-27.2295 25.4028 9.74424 
-26.8351 24.6517 9.56331 
-27.1615 20.2552 9.1921 
-27.8939 21.416 9.50378 
-11.1192 -24.8607 8.87955 
-11.8089 -26.3088 9.4033 
-11.8672 -24.9981 9.03542 
-10.8754 -23.0523 8.32153 
-9.90929 -19.4807 7.15444 
-10.7624 -21.051 7.74431 
-10.1867 -15.0803 6.17826 
-8.96816 -13.4223 5.47521 
-11.3834 -2.77448 4.34203 
-14.6242 1.29453 5.08691 
-11.7237 1.91592 4.54301 
-9.849 -2.09213 3.88912 
-18.7788 7.63359 6.26279 
-22.5679 18.2497 8.08894 
-19.6625 18.5813 7.8647 
-14.5916 8.70976 5.62728 
1.53443 -0.116524 1.52156 
3.29568 2.46864 1.47208 
3.10011 1.91513 1.41654 
1.3319 -0.384046 1.53878 
5.39365 5.42776 1.72914 
5.28887 4.46446 1.49389 
9.25057 8.29064 2.30429 
7.84158 6.97922 1.93749 
8.21989 8.86468 2.53497 
9.74642 10.5381 3.01456 
-9.55813 28.4408 9.61997 
-6.20069 29.1078 9.68504 
-6.98427 25.7379 8.83003 
-8.78709 25.2247 8.77189 
-5.37164 16.7313 6.12564 
-4.26023 16.7685 6.06513 
-1.39325 9.69302 3.64315 
-2.11668 9.48601 3.64714 
-0.172802 3.8124 2.29012 
-0.897546 3.01774 2.3615 
-1.19071 5.7854 2.74652 
-0.559855 6.10599 2.71166 
-0.53475 -2.85074 1.69828 
0.392823 -1.60809 1.60599 
-13.2294 -3.35364 4.94445 
-17.8295 1.04326 5.89393 
-11.5992 -22.745 8.35739 
-11.3457 -16.8886 6.8939 
-12.8032 -28.5854 10.2127 
-12.6648 -26.5403 9.60304 
-1.2814 -3.71049 1.66426 
-0.135829 -1.87528 1.31866 
-27.7281 15.0662 8.80131 
-28.649 17.6493 9.30984 
2.90179 3.97107 1.77079 
0.984876 1.07727 1.77613 
1.88916 6.24682 2.37697 
3.26529 10.4787 3.49771 
5.12702 7.2285 2.19735 
6.46648 15.9688 5.0702 
7.66419 10.1446 2.97515 
9.99182 20.0373 6.17085 
9.20719 11.8057 3.45004 
4.8663 4.13039 1.35709 
6.99307 6.22402 1.72784 
7.96597 7.08993 1.96822 
0.407663 0.192137 1.79495 
-1.04139 -1.19634 1.9418 
-5.49401 -4.16408 2.94955 
-8.68084 -6.7696 4.10355 
-9.80663 -7.43599 4.54632 
-11.1676 -8.52958 5.10831 
-22.6691 -17.0176 9.0438 
-26.0722 -17.614 9.52133 
-21.5847 23.9346 9.10003 
-22.8487 25.462 9.2585 
6.49927 32.2636 10.1355 
5.36881 27.9208 8.88048 
16.3188 -1.08339 2.77191 
8.97512 -0.813364 1.61579 
3.15239 -2.78505 1.61641 
-1.99026 -5.26013 1.92486 
-4.19738 -9.45726 3.37282 
-6.8271 -15.3823 5.48593 
-9.96124 -22.444 8.00438 
-12.5646 -28.3098 10.0963 
-15.9039 -35.8337 12.7797 
-16.1035 -36.2833 12.94 
16.7963 -1.11509 2.85301 
7.81587 -0.518889 1.3276 
3.06448 -2.32378 1.41035 
-2.01242 -4.6872 1.68127 
-3.82583 -8.62009 3.07425 
-6.63784 -14.9559 5.33386 
-9.86116 -22.2185 7.92396 
-16.1178 -36.3156 12.9515 
-16.267 -36.6518 13.0714 
-12.6715 -28.5505 10.1822 
13.3778 -0.888138 2.27234 
6.1146 -0.405943 1.03862 
2.20355 -1.19681 0.815157 
-1.5323 -3.45246 1.23128 
-3.07339 -6.92475 2.46963 
-5.57346 -12.5577 4.47857 
-9.37063 -20.6901 7.4081 
-16.0315 -36.1212 12.8822 
-16.2884 -36.6999 13.0886 
-12.5208 -27.701 9.91445 
11.4186 -0.758072 1.93956 
6.37598 -0.423296 1.08302 
2.49923 -0.165922 0.424518 
4.51463 -0.299722 0.766854 
0 0 0 
1.00913 -0.0669953 0.171411 
-0.35893 -0.808717 0.288419 
-0.998507 -2.24977 0.802353 
-1.25879 -2.83622 1.0115 
-2.78331 -5.91481 2.13405 
-4.08976 -8.96907 3.21568 
-2.01724 -4.54511 1.62096 
-6.24529 -11.3874 4.24647 
-8.33919 -16.8446 6.1417 
-16.6027 -34.9606 12.6373 
-16.7372 -29.8865 11.1989 
-18.9703 -32.0556 12.1701 
-17.0434 -35.7008 12.9187 
-12.2673 -24.6104 8.98615 
-12.3789 -22.044 8.26542 
-17.2949 -13.595 6.81844 
-23.728 -16.8384 8.75758 
-22.4989 -22.8311 10.066 
-18.2386 -20.077 8.61121 
-4.91418 -4.01267 1.99324 
-17.4077 -9.38985 6.05468 
-6.49521 -7.25351 3.09645 
8.90465 2.71425 1.77941 
4.2267 2.71444 0.95976 
3.02334 1.66834 0.664448 
7.16041 1.67024 1.3895 
2.40399 2.13962 0.593975 
0.724127 0.644493 0.178916 
1.08311 0.963997 0.267613 
0 0 0 
0 0 0 
0 0 0 
0 0 0 
0 0 0 
0 0 0 
-0.0551144 -0.0352635 0.018715 
-13.6866 -2.60232 4.23727 
-25.3628 -3.55065 7.58022 
-24.125 -9.65381 7.73869 
-1.95197 -0.701702 0.618269 
10.4884 3.69829 2.13636 
5.82051 4.09582 1.35056 
4.11955 3.66651 1.01785 
3.26582 2.90667 0.806915 
2.38219 2.12021 0.588587 
0.85439 0.760431 0.211102 
0 0 0 
-12.1799 1.90847 3.72452 
-23.3213 3.03446 6.81767 
-2.45787 1.29034 0.775477 
13.8263 6.46371 2.94451 
8.95383 6.75645 2.11439 
7.39651 6.5831 1.82752 
6.12531 5.45169 1.51343 
4.4089 3.92404 1.08934 
2.79979 3.06551 0.87844 
0.208128 2.71757 0.875516 
-13.6351 6.42651 4.32123 
-26.9355 10.1364 8.08266 
-4.85894 3.20437 1.60088 
16.4431 9.89264 3.67986 
22.0793 14.7249 5.05758 
23.2673 19.0886 5.61806 
14.757 11.7045 3.53072 
25.1136 22.3518 6.20503 
13.8901 12.3626 3.43196 
24.4969 21.8029 6.05267 
12.5952 11.2101 3.112 
9.19073 9.36245 2.65564 
16.0645 17.024 4.85636 
10.0311 14.4397 4.27216 
5.42557 8.38573 2.49803 
3.25127 13.8628 4.37297 
1.37537 8.04102 2.55823 
-19.1302 15.8313 6.63662 
-20.1416 21.3059 8.05198 
-26.2603 24.3686 9.38391 
-26.6519 20.2126 9.05469 
-10.6463 18.2802 6.47716 
-7.65859 11.0701 4.22354 
41.8075 32.188 9.9243 
43.9127 39.0835 10.8499 
42.2276 37.5837 10.4335 
38.5846 29.3706 9.1321 
46.869 41.7147 11.5803 
46.243 41.1576 11.4257 
41.6463 37.0663 10.2899 
44.4225 39.5373 10.9759 
31.5944 31.7152 8.96357 
20.244 28.44 8.35322 
-22.2928 24.9256 9.06029 
-26.0774 25.7045 9.47484 
-14.5461 24.2714 8.51319 
5.40568 24.534 7.71394 
23.805 32.6144 9.53408 
12.8674 30.1063 9.18097 
14.1151 34.6354 10.5598 
27.8256 37.4318 10.8945 
10.7144 9.71427 2.70528 
9.24826 8.23121 2.28505 
11.246 12.1948 3.48987 
11.2174 7.05822 2.53538 
14.3805 6.27485 3.02637 
14.1459 23.2212 6.95185 
10.6714 13.619 3.97781 
21.2651 19.3802 5.4018 
17.9092 15.0532 4.3534 
21.4421 21.7481 6.16403 
18.5548 12.0203 4.22167 
19.0884 9.18372 4.08613 
20.6021 27.243 7.94805 
31.1224 27.6998 7.68969 
30.4825 25.1758 7.37378 
30.9967 30.3112 8.52939 
29.2346 20.5647 6.78283 
26.0916 13.5736 5.66767 
36.975 32.9088 9.13573 
37.0881 30.992 9.0008 
29.2398 32.4586 9.27641 
34.802 37.4858 10.6583 
37.5645 35.6577 9.97597 
36.2672 26.3326 8.48076 
34.2298 20.039 7.61565 
-15.8038 -35.6081 12.6992 
-16.5368 -35.2596 12.713 
-17.589 -33.8679 12.4764 
-16.1125 -36.3035 12.9472 
-16.3106 -36.7499 13.1064 
-16.4165 -36.9885 13.1915 
-17.1192 -35.9816 13.0112 
-16.1763 -36.4472 12.9985 
-16.1858 -35.93 12.779 
-16.7136 -35.8285 12.7582 
-17.7807 -35.887 12.8813 
-16.035 -36.1289 12.885 
-16.2548 -36.6242 13.0616 
-16.3351 -36.8051 13.1261 
-16.0614 -36.0655 12.8708 
-16.2635 -36.6439 13.0686 
-19.9734 -38.4111 13.2708 
-20.5844 -38.4904 13.2148 
-20.1814 -38.1286 13.1213 
-19.4638 -38.3311 13.3116 
-18.6693 -38.0915 13.3269 
-18.2039 -37.9234 13.3241 
-16.7445 -36.6612 13.0055 
-17.1306 -37.0753 13.1236 
-29.0818 -42.0585 13.4757 
-32.4407 -43.3623 13.5339 
-30.4739 -42.5417 13.4757 
-28.8615 -42.0244 13.4936 
-37.4103 -45.4387 13.6821 
-35.1297 -44.4908 13.6162 
-27.5484 -41.5561 13.4883 
-25.4177 -40.7583 13.4637 
-23.6668 -40.0531 13.4226 
-22.8374 -39.7506 13.4164 
-20.3785 -29.5085 11.6566 
-18.9699 -31.7865 12.0926 
-17.6722 -34.593 12.6173 
-19.2152 -37.5453 13.0259 
-28.8945 -41.9435 13.4547 
-17.6969 -34.8107 12.7644 
-19.7563 -31.2559 12.0623 
-16.9287 -35.7323 12.9099 
-17.9956 -37.3456 13.111 
-27.0398 -41.3034 13.4562 
-32.6386 -43.4252 13.5315 
-35.8003 -44.6525 13.5862 
-35.2888 -44.4337 13.5688 
-33.4532 -43.7954 13.5683 
-35.0385 -44.3872 13.5859 
-37.1581 -45.1461 13.5957 
-38.389 -45.629 13.6191 
-38.4542 -45.6555 13.6208 
-38.7729 -45.8143 13.6411 
-45.6829 -48.1183 13.6013 
-44.9506 -47.6914 13.5276 
-41.0838 -46.7435 13.6947 
-43.8987 -47.9169 13.7775 
-46.3968 -48.1244 13.4994 
-39.5215 -46.2853 13.7301 
-39.4416 -46.2545 13.7288 
-45.3803 -48.5729 13.8372 
-45.5521 -48.6081 13.8269 
-39.7127 -46.2248 13.6766 
-36.929 -45.2111 13.6566 
-42.9802 -47.5912 13.7746 
-44.953 -47.7849 13.5601 
-45.1354 -47.8416 13.558 
-45.1516 -47.7637 13.5296 
-46.0728 -48.4476 13.6831 
-50.2338 -49.9176 13.5709 
-50.2317 -49.9404 13.5827 
-50.1615 -50.0209 13.638 
-49.9503 -49.839 13.5947 
-49.7746 -49.9103 13.6688 
-49.4564 -49.9276 13.7477 
-47.4755 -48.7776 13.617 
-48.4034 -49.3444 13.6921 
-48.5517 -49.4175 13.6954 
-47.0765 -48.3676 13.5025 
-49.7207 -50.0224 13.7361 
-46.8923 -48.2083 13.4623 
-49.4894 -50.0942 13.8227 
-51.4538 -50.5814 13.6294 
-51.5114 -50.6296 13.6405 
-51.5804 -50.7593 13.6894 
-51.0749 -50.4543 13.6504 
-51.358 -50.7179 13.7181 
-51.3768 -50.8434 13.7759 
-51.0067 -50.8181 13.8452 
-51.2095 -50.8699 13.826 
-50.9436 -50.6216 13.762 
-51.0417 -50.7996 13.8284 
-53.3181 -51.4986 13.6708 
-53.195 -51.4519 13.6749 
-53.3783 -51.6049 13.71 
-53.1727 -51.4832 13.6953 
-53.9713 -51.9122 13.7309 
-55.5664 -52.611 13.7238 
-55.3421 -52.604 13.77 
-56.252 -52.9513 13.7406 
-52.8478 -51.4957 13.7733 
-53.4605 -51.8298 13.803 
-67.0934 -57.4045 13.546 
-66.832 -57.2963 13.5503 
-67.1155 -57.4353 13.5563 
-67.5903 -57.6261 13.5457 
-66.9797 -57.3814 13.5597 
-65.8181 -56.9042 13.5805 
-66.7777 -57.3393 13.5835 
-62.9084 -55.7203 13.6383 
-68.0218 -57.8423 13.5573 
-68.5375 -58.0684 13.555 
-70.836 -59.0035 13.5093 
-70.9436 -59.0503 13.5087 
-71.0184 -59.0861 13.5098 
-70.632 -58.9195 13.5129 
-70.3328 -58.7968 13.5184 
-69.7887 -58.5709 13.5269 
-71.5015 -59.2994 13.5085 
-71.0635 -58.4275 13.1744 
-71.3489 -58.6622 13.2274 
-70.6783 -58.9549 13.5201 
-71.4442 -59.2715 13.5074 
-71.4222 -59.2649 13.509 
-71.104 -59.1339 13.5146 
-71.4642 -58.757 13.2487 
-71.0057 -58.4484 13.1975 
-70.9593 -58.3738 13.1709 
-72.0583 -59.2455 13.3589 
-71.0228 -58.4809 13.2098 
-71.0775 -58.4391 13.177 
-72.5016 -59.6099 13.441 
-72.6604 -59.7405 13.4705 
-71.9728 -59.1752 13.343 
-71.7903 -59.0251 13.3092 
-71.2249 -58.5603 13.2044 
-71.1309 -58.4829 13.1869 
-21.9883 -26.6786 11.0931 
-22.0652 -26.9713 11.1892 
-71.0296 -58.3997 13.1681 
-71.2931 -59.2062 13.5085 
-72.7046 -59.7769 13.4787 
-68.3242 -57.9802 13.5586 
-65.2455 -56.6927 13.6025 
-71.4767 -59.2168 13.4732 
-72.6934 -59.7676 13.4766 
-71.9723 -59.1748 13.3429 
-70.9464 -58.349 13.1615 
-70.0765 -58.6933 13.5239 
-67.461 -57.598 13.5604 
-70.8523 -59.03 13.5188 
-69.4908 -58.4602 13.538 
-71.1294 -58.6432 13.2664 
-72.6501 -59.732 13.4686 
-72.274 -59.4228 13.3989 
-70.9536 -58.3372 13.1541 
-70.6295 -58.9267 13.517 
-69.4888 -58.4496 13.5333 
-70.0577 -58.6895 13.5262 
-72.2593 -59.4107 13.3961 
-26.5986 26.2183 9.66422 
-25.8326 25.4632 9.38591 
-1.8663 -2.72965 1.07535 
-0.176301 -0.397228 0.141667 
0 0 0 
0 0 0 
0 0 0 
1.29783 0.180918 0.242013 
5.75498 0.61267 1.05785 
-24.1258 -21.8163 10.0272 
-26.7524 -17.7602 9.50248 
-27.3818 -14.6028 9.06045 
-22.98 -25.0172 10.7695 
-24.0336 -23.3504 10.454 
-25.6119 -19.6869 9.64593 
-26.6123 -15.5298 8.91471 
-25.8979 -18.0629 9.22338 
-26.0048 -19.2162 9.57169 
-26.3352 -17.2894 9.11773 
-27.5852 -15.8825 9.22311 
-25.4282 -20.8483 9.95137 
-26.2722 -19.6088 9.72619 
-26.7563 -18.1505 9.38209 
-26.5671 -16.9982 9.02126 
-26.6406 -17.0453 9.04622 
-26.5778 -18.2004 9.36866 
-26.3676 -16.8706 8.95351 
-26.8247 -16.7509 9.07518 
-26.3614 -18.9678 9.55571 
-26.7269 -18.2928 9.41846 
-26.6921 -17.0782 9.06371 
-27.0816 -17.3274 9.19596 
-26.9722 -17.2574 9.15881 
-29.282 -17.7873 9.07783 
-29.8432 -17.9462 9.08562 
-29.8487 -17.9563 9.09354 
-28.9338 -17.6377 9.02633 
-35.1003 -18.8121 8.59081 
-32.8873 -18.4436 8.79541 
-29.3895 -17.8225 9.08364 
-29.4852 -17.9101 9.14019 
-27.8568 -17.4957 9.16004 
-28.3333 -17.62 9.15705 
-28.5553 -13.0957 9.27509 
-28.7524 -12.0943 9.25023 
-28.1343 -14.668 9.28208 
-27.5493 -16.2397 9.24187 
-29.842 -17.9435 9.08348 
-27.776 -15.2306 9.22487 
-28.227 -11.6146 9.06012 
-27.852 -15.9909 9.30863 
-27.2967 -16.8788 9.22129 
-28.5965 -17.678 9.14565 
-31.5827 -18.2179 8.90843 
-31.3247 -18.2 8.95508 
-31.6954 -18.2685 8.92699 
-31.6714 -18.2192 8.88792 
-32.551 -18.4074 8.84459 
-33.7042 -18.5642 8.70584 
-33.0299 -18.4733 8.78772 
-33.7414 -18.5919 8.72199 
-34.9792 -18.7651 8.57751 
-61.6569 -22.7298 5.6745 
-60.4368 -22.4973 5.76057 
-39.3615 -19.4435 8.12543 
-53.322 -21.5532 6.63817 
-63.435 -23.0386 5.52166 
-35.2351 -18.8534 8.59559 
-35.0523 -18.8315 8.62023 
-59.1886 -22.4463 6.0191 
-58.4791 -22.3365 6.09235 
-36.5458 -19.034 8.43999 
-35.1573 -18.8335 8.59635 
-54.6029 -21.7543 6.50857 
-59.7949 -22.3689 5.80027 
-59.7303 -22.3708 5.81778 
-60.5216 -22.5191 5.7597 
-62.1059 -22.8103 5.63815 
-65.7131 -23.2487 5.24633 
-65.7243 -23.2425 5.23813 
-65.694 -23.1296 5.13713 
-65.184 -23.0453 5.17103 
-63.4348 -22.5571 5.10403 
-63.7296 -22.7467 5.18313 
-64.2486 -22.9319 5.22535 
-64.6253 -23.0664 5.25598 
-64.6001 -23.0574 5.25393 
-63.7935 -22.8201 5.23452 
-64.3728 -22.848 5.15159 
-63.7428 -22.7781 5.20856 
-63.7065 -22.7384 5.18125 
-66.9471 -23.3647 5.09808 
-66.7559 -23.323 5.09993 
-68.0562 -23.6543 5.11886 
-66.7703 -23.3841 5.13771 
-66.7255 -23.4548 5.19066 
-65.3207 -23.1488 5.20417 
-66.9083 -23.596 5.25521 
-65.9777 -23.3492 5.23529 
-68.3427 -23.8024 5.17209 
-67.8674 -23.766 5.22058 
-71.2179 -24.2564 5.03188 
-70.7824 -24.1733 5.04378 
-71.2532 -24.2852 5.04532 
-70.8007 -24.2127 5.06671 
-70.8143 -24.2527 5.09079 
-69.9685 -24.1375 5.14404 
-69.8312 -24.1277 5.15856 
-70.182 -24.188 5.14461 
-70.7743 -24.2533 5.09728 
-70.2101 -24.1818 5.13628 
-93.4821 -28.1643 4.20252 
-91.7885 -27.8658 4.26486 
-92.1869 -27.9417 4.25389 
-92.464 -27.9899 4.24326 
-92.2279 -27.9558 4.2569 
-89.017 -27.4073 4.38636 
-89.7033 -27.5313 4.36313 
-84.8416 -26.6988 4.55779 
-92.6543 -28.0307 4.241 
-92.5394 -28.0154 4.24848 
-97.1328 -28.8018 4.06442 
-97.0544 -28.7877 4.06709 
-97.1273 -28.8011 4.06477 
-97.1528 -28.8065 4.06443 
-97.1312 -28.804 4.06607 
-96.9395 -28.7716 4.07403 
-96.4674 -28.6927 4.09425 
-96.6279 -28.4825 3.93244 
-98.5321 -28.9975 3.97966 
-97.0199 -28.7877 4.07236 
-97.2067 -28.8057 4.05572 
-97.1554 -28.8081 4.06506 
-97.0298 -28.7867 4.07019 
-96.9533 -28.5329 3.9159 
-96.4412 -28.3822 3.89521 
-96.8462 -28.5013 3.91157 
-98.2058 -28.9015 3.96648 
-96.5938 -28.4271 3.90138 
-96.9993 -28.5464 3.91776 
-98.7678 -29.0669 3.98918 
-98.8582 -29.0935 3.99284 
-97.3913 -28.6618 3.93359 
-97.2495 -28.6201 3.92786 
-97.2684 -28.6256 3.92863 
-97.2395 -28.6171 3.92746 
-97.3859 -28.6602 3.93337 
-96.5648 -28.4465 3.91849 
-98.7993 -29.0762 3.99046 
-91.6651 -27.8683 4.2852 
-88.722 -27.3642 4.40299 
-97.1227 -28.7567 4.03645 
-98.8632 -29.095 3.99304 
-97.2227 -28.6122 3.92678 
-97.2076 -28.6077 3.92617 
-97.0506 -28.7912 4.06998 
-91.3772 -27.8149 4.2941 
-95.552 -28.5355 4.1306 
-94.6784 -28.386 4.16564 
-96.8534 -28.6073 3.97971 
-98.809 -29.079 3.99085 
-97.1578 -28.5931 3.92416 
-97.4358 -28.6749 3.93539 
-96.8106 -28.5826 3.97006 
-95.5858 -28.54 4.12836 
-96.1595 -28.6388 4.1058 
-97.2117 -28.6089 3.92634 
-30.3112 -4.7378 9.09941 
-28.9191 -9.49306 9.08638 
-8.73942 -12.1149 4.84369 
-30.9868 1.55968 8.78094 
-31.6914 5.59432 8.9551 
-30.9285 9.89466 9.09979 
-30.5412 -3.79416 9.0887 
-30.443 -3.29436 9.01978 
-30.2614 0.74202 8.63896 
-31.0214 6.65383 8.78757 
-30.1872 4.01082 8.53761 
-31.6837 2.72505 8.88638 
-31.6968 5.41542 8.86089 
-31.8226 7.22789 9.05631 
-31.1211 -1.5767 9.07488 
-31.7727 1.18854 9.03708 
-31.8473 3.23409 8.89197 
-31.8244 5.30937 8.85761 
-30.8942 4.30286 8.53098 
-31.7973 4.27626 8.79276 
-31.9231 4.56135 8.80572 
-31.8426 4.54983 8.78349 
-31.9797 1.68988 9.05577 
-32.1452 3.68153 8.9412 
-31.7514 4.53682 8.75836 
-32.1223 4.58981 8.86067 
-32.0036 4.57284 8.82791 
-34.9848 4.64694 8.9866 
-34.9961 4.65661 9.0049 
-35.2913 4.65262 8.99924 
-35.2177 4.63209 8.96006 
-43.3972 4.49268 8.74906 
-41.5185 4.53053 8.80852 
-36.0014 4.64214 8.98399 
-35.8115 4.63795 8.97488 
-35.8458 4.64448 8.98742 
-35.5835 4.64753 8.99151 
-30.9678 11.0035 9.22514 
-29.5489 15.8611 9.35906 
-31.4428 9.40007 9.18266 
-32.0629 5.10933 8.89909 
-35.9372 4.63741 8.97466 
-31.7715 7.78107 9.1004 
-30.4167 12.1839 9.20384 
-32.2288 6.55066 9.09203 
-31.894 4.55718 8.79768 
-36.4554 4.62993 8.96384 
-36.9054 4.62062 8.94913 
-36.7152 4.62965 8.96496 
-37.454 4.61591 8.94374 
-38.0758 4.59296 8.90441 
-39.3344 4.57577 8.87997 
-39.8119 4.56701 8.86648 
-38.9601 4.58684 8.89847 
-39.9267 4.56689 8.86698 
-44.8857 4.45873 8.69448 
-71.5984 3.8681 7.7501 
-70.1964 3.89691 7.79553 
-58.3656 4.17277 8.24072 
-63.3955 4.06571 8.07072 
-71.8437 3.8592 7.73488 
-43.1205 4.50054 8.76212 
-43.4325 4.49362 8.75106 
-63.748 4.05884 8.06001 
-64.8501 4.03459 8.02126 
-43.3602 4.49385 8.75102 
-43.0986 4.49838 8.7579 
-58.8725 4.16298 8.22547 
-69.6253 3.91496 7.82596 
-69.9813 3.90999 7.81883 
-69.9187 3.90811 7.8149 
-70.0818 3.9016 7.80365 
-73.2494 3.69596 7.49518 
-72.6228 3.68844 7.4549 
-73.7191 3.70433 7.52807 
-74.3121 3.71188 7.56662 
-73.8222 3.71264 7.5417 
-73.0629 3.70245 7.49182 
-71.8625 3.85967 7.73589 
-73.3733 3.70725 7.51284 
-72.6331 3.69668 7.46359 
-71.9397 3.85725 7.73181 
-74.4119 3.71303 7.57298 
-71.5746 3.86942 7.75243 
-74.2747 3.71865 7.57135 
-76.2921 3.71654 7.67499 
-75.9925 3.72856 7.67118 
-76.5874 3.7125 7.68648 
-76.6579 3.70791 7.68562 
-77.0733 3.70646 7.70596 
-77.327 3.70397 7.71679 
-77.3624 3.70379 7.71847 
-77.1058 3.71239 7.71353 
-76.9756 3.7004 7.69484 
-77.4744 3.69565 7.71628 
-78.8787 3.65402 7.74869 
-77.9665 3.68615 7.73267 
-78.7796 3.65817 7.74761 
-79.9001 3.62016 7.76872 
-80.793 3.59394 7.78958 
-81.4751 3.57262 7.80423 
-81.3698 3.57662 7.80266 
-81.5315 3.57114 7.80572 
-79.8201 3.62311 7.76744 
-80.8275 3.59262 7.79008 
-103.155 2.79907 8.17508 
-104.063 2.76697 8.1909 
-103.655 2.78155 8.18393 
-102.104 2.83673 8.15725 
-99.8776 2.91668 8.11968 
-93.1108 3.1585 8.0043 
-94.2495 3.11825 8.02416 
-85.9074 3.41581 7.88137 
-102.11 2.83668 8.15754 
-99.6488 2.92506 8.11598 
-105.306 2.62396 8.11455 
-105.055 2.57914 8.05705 
-104.939 2.57928 8.05113 
-105.881 2.69371 8.2137 
-105.039 2.73319 8.20865 
-103.829 2.77643 8.18802 
-105.527 2.65044 8.15232 
-105.175 2.72862 8.21124 
-103.826 2.77685 8.18829 
-106.46 2.61364 8.16481 
-106.59 2.61684 8.17482 
-106.783 2.62158 8.18962 
-107.391 2.6365 8.23623 
-106.222 2.60779 8.14655 
-105.838 2.59837 8.11711 
-107.408 2.63692 8.23755 
-107.022 2.62745 8.20796 
-105.289 2.5849 8.07504 
-105.804 2.59754 8.11452 
-105.306 2.58531 8.07632 
-104.966 2.57696 8.05023 
-94.6839 3.10339 8.03222 
-89.3224 3.29485 7.94066 
-103.319 2.79511 8.17974 
-106.427 2.61284 8.16233 
-105.234 2.61462 8.10155 
-105.275 2.62 8.10904 
-103.569 2.78586 8.1837 
-94.6199 3.10518 8.03064 
-95.591 3.07169 8.04839 
-92.0103 3.20024 7.98792 
-103.239 2.79806 8.17847 
-106.35 2.61094 8.1564 
-105.386 2.63295 8.12764 
-105.211 2.61215 8.0979 
-103.92 2.77345 8.1898 
-95.5846 3.07132 8.0477 
-92.5662 3.18161 7.99863 
-98.3273 2.97361 8.09476 
-105.372 2.63163 8.12562 
-106.31 2.60997 8.15335 
-105.4 2.63468 8.1301 
-96.0982 3.05411 8.05758 
-3.56018 -5.6101 2.16726 
-1.08668 -2.44844 0.873206 
-0.152492 -0.343585 0.122536 
0 0 0 
0 0 0 
1.4615 -0.0970276 0.24825 
5.51478 -0.366122 0.936739 
-29.0507 17.5492 9.40428 
-29.0193 18.5876 9.50388 
-27.6284 23.0576 9.60491 
-26.9109 25.5846 9.67994 
-26.6411 26.2602 9.67968 
-28.5889 19.1943 9.45452 
-28.0588 22.7611 9.68646 
-27.5097 24.6061 9.73467 
-26.6943 26.3127 9.69901 
-26.4759 25.5981 9.56782 
-28.0345 24.7757 9.72282 
-26.6948 25.7255 9.57305 
-26.9706 26.3433 9.68583 
-28.3476 21.9313 9.58199 
-27.3147 24.526 9.66881 
-26.7247 25.5181 9.62444 
-26.7736 26.3908 9.7278 
-26.4215 26.0437 9.59988 
-32.7737 27.8286 9.80402 
-32.7547 28.0378 9.90421 
-32.7726 28.1454 9.953 
-32.4809 27.5113 9.76728 
-31.8067 27.6405 9.81221 
-31.9591 27.8689 9.90431 
-31.8045 28.0109 9.98652 
-31.807 27.945 9.95531 
-57.3495 33.0172 9.78677 
-58.0172 33.1856 9.79922 
-58.4647 33.2991 9.80784 
-56.9841 32.9165 9.77596 
-61.1946 33.8458 9.79198 
-60.5083 33.6808 9.78305 
-57.34 33.024 9.79094 
-57.8523 33.1682 9.80753 
-58.2607 33.2879 9.82295 
-57.9945 33.2239 9.81949 
-26.9579 26.5724 9.79476 
-26.7821 26.3991 9.73088 
-26.726 26.3438 9.71051 
-32.3199 28.1055 9.97949 
-58.7924 33.3826 9.81437 
-26.9175 26.5326 9.78009 
-26.5743 26.1943 9.65538 
-26.842 26.4582 9.75267 
-32.0821 28.0762 9.98945 
-58.2381 33.2814 9.82218 
-59.4534 33.4437 9.77702 
-59.9189 33.5573 9.7839 
-60.1239 33.6199 9.79283 
-59.9044 33.5335 9.77414 
-60.6449 33.7412 9.79775 
-60.9831 33.7408 9.76379 
-61.0789 33.7719 9.76885 
-61.2945 33.835 9.77695 
-61.5754 33.8341 9.74846 
-62.4835 33.7424 9.6146 
-62.0779 33.5234 9.55219 
-61.7593 33.5516 9.59731 
-61.8996 33.4296 9.52595 
-62.7588 33.891 9.65696 
-61.4785 33.9189 9.798 
-61.4361 33.9143 9.80006 
-62.0792 33.5241 9.55239 
-62.1996 33.5891 9.57092 
-61.7365 33.8395 9.73488 
-61.0882 33.8393 9.79959 
-61.8732 33.5952 9.60643 
-61.7551 33.349 9.50252 
-61.8092 33.3783 9.51085 
-62.0791 33.524 9.55238 
-62.4611 33.7303 9.61115 
-65.753 34.5083 9.71213 
-65.5641 34.4918 9.71772 
-65.53 34.5111 9.7278 
-65.8693 34.5512 9.72193 
-64.8989 34.386 9.71818 
-62.5938 33.658 9.57317 
-62.9559 33.9975 9.6873 
-62.029 33.497 9.54467 
-62.2835 33.6344 9.58384 
-62.975 34.0078 9.69024 
-65.1694 34.4742 9.73635 
-62.7673 33.8956 9.65827 
-63.4914 33.9477 9.63216 
-67.0002 34.6821 9.70128 
-66.7041 34.6522 9.70844 
-66.8028 34.6802 9.71338 
-67.1248 34.7147 9.70638 
-66.9417 34.7131 9.71769 
-66.0704 34.6226 9.7378 
-65.7467 34.5931 9.74694 
-65.4585 34.559 9.75189 
-66.4952 34.6607 9.72556 
-66.2893 34.6491 9.73428 
-69.1106 34.9468 9.67102 
-68.4198 34.8692 9.6846 
-68.5558 34.8944 9.68597 
-69.9339 35.0518 9.65993 
-69.9446 35.0645 9.66439 
-69.8021 35.0552 9.66994 
-69.0711 34.9759 9.68543 
-68.8725 34.9532 9.68915 
-68.5922 34.9109 9.69027 
-68.7752 34.9385 9.68954 
-91.8715 37.5401 9.23874 
-92.3119 37.5901 9.2303 
-92.4535 37.6074 9.22811 
-91.4812 37.4979 9.24708 
-90.2856 37.3649 9.2711 
-87.5558 37.0585 9.32483 
-88.1215 37.1226 9.31392 
-81.1835 36.3409 9.44928 
-92.9711 37.6678 9.21884 
-91.8338 37.5406 9.24141 
-96.3896 38.0539 9.15254 
-96.4059 37.9997 9.1295 
-96.336 37.926 9.10417 
-96.149 38.027 9.15733 
-96.1175 38.0238 9.15809 
-95.8786 37.997 9.1628 
-95.5954 37.9656 9.16851 
-95.8491 37.4135 8.92797 
-97.0467 37.8101 9.01079 
-96.1849 38.0322 9.15709 
-96.2363 37.8207 9.06794 
-96.3816 37.973 9.12023 
-96.304 38.0447 9.15441 
-96.964 37.7779 9.00311 
-96.5879 37.6314 8.96819 
-97.058 37.8145 9.01183 
-97.6878 38.0599 9.07032 
-96.4363 37.5723 8.95411 
-96.488 37.5925 8.95891 
-98.0839 38.2142 9.10709 
-98.1232 38.2296 9.11074 
-97.0425 37.8085 9.0104 
-97.1143 37.8365 9.01707 
-96.6101 37.64 8.97025 
-96.7259 37.6851 8.981 
-96.098 37.4405 8.9227 
-96.1166 37.6935 9.02414 
-97.9405 38.1584 9.09378 
-90.4715 37.3877 9.26822 
-86.9083 36.9863 9.33775 
-96.3997 38.0557 9.15261 
-98.0718 38.2095 9.10597 
-96.9552 37.7745 9.00229 
-95.9466 37.3815 8.90865 
-95.9982 38.0107 9.16054 
-90.0095 37.3355 9.2772 
-93.4723 37.7261 9.20982 
-94.7796 37.8738 9.18446 
-96.2287 37.8118 9.06484 
-98.019 38.1889 9.10106 
-96.9513 37.773 9.00193 
-95.9944 37.4001 8.91308 
-96.3995 37.9905 9.12616 
-93.2469 37.7008 9.21424 
-94.9691 37.895 9.18073 
-97.0912 37.8275 9.01492 
-25.8891 25.5189 9.40644 
-24.1314 25.6645 9.37901 
-21.397 26.0649 9.39293 
-17.6069 26.3594 9.31859 
-16.79 27.1026 9.51824 
-12.1364 28.8193 9.85612 
-8.39178 29.7182 9.97783 
-2.35677 31.404 10.2498 
19.9398 40.5649 12.1773 
22.2038 41.7453 12.4482 
13.1347 36.1912 11.0961 
-2.49516 31.3166 10.228 
21.7598 40.7136 12.1528 
1.96217 29.426 9.43291 
23.8998 34.5592 10.1537 
-23.9163 23.5461 9.10271 
-25.8055 23.6324 9.18877 
-24.7005 18.5276 8.37042 
-23.3095 8.82244 7.17544 
19.178 60.7868 18.2706 
16.9938 65.7824 19.429 
18.7894 61.182 18.3718 
17.4549 65.2882 19.3482 
18.5301 61.3646 18.411 
19.2085 61.3276 18.4372 
18.0002 65.051 19.3452 
19.1073 62.1287 18.688 
18.2596 64.9352 19.343 
19.8439 61.8489 18.5805 
18.19 64.1178 19.1172 
13.2506 69.8986 20.1133 
13.337 69.8888 20.1202 
13.5257 69.7926 20.1154 
13.076 69.9846 20.1169 
12.6815 70.3511 20.1711 
14.8672 68.261 19.8551 
18.0937 64.6764 19.2556 
16.0225 67.2294 19.7077 
15.9666 67.223 19.6998 
17.7685 65.0477 19.3187 
13.6249 69.5534 20.0626 
17.8563 65.1241 19.3488 
15.0395 68.1784 19.8521 
7.98307 74.8955 20.8639 
7.91538 74.991 20.8819 
8.79839 74.1968 20.7676 
7.43359 75.3756 20.9312 
6.07405 76.643 21.119 
9.30293 73.6407 20.6751 
11.2098 71.8852 20.4176 
11.2397 71.8423 20.4094 
8.96864 73.9791 20.7284 
9.96601 73.0402 20.5882 
0.175155 82.1744 21.9424 
0.77949 81.6281 21.8634 
1.48809 80.9806 21.7691 
0.0840494 82.2436 21.9508 
-1.21259 83.4522 22.1298 
-1.71193 83.9225 22.2 
-0.701048 82.99 22.0631 
-2.09755 84.2873 22.2547 
1.15684 81.2654 21.8084 
0.355183 82.0054 21.9172 
-8.04799 89.8394 23.0779 
-7.64288 89.4653 23.0229 
-6.90355 88.7786 22.9215 
-7.61725 89.435 23.0177 
-7.37961 89.2127 22.9847 
-7.20426 89.0495 22.9605 
-5.98325 87.9165 22.7933 
-5.66232 87.6135 22.7479 
-6.43244 88.3371 22.8558 
-6.20029 88.1194 22.8234 
-9.64008 90.7852 23.1542 
-9.59389 90.3503 23.0433 
-9.36215 89.1673 22.7533 
-9.55699 90.0027 22.9547 
-9.51786 89.6342 22.8607 
-9.50141 89.4793 22.8211 
-8.02114 89.8162 23.0747 
-8.81492 89.5762 22.9229 
-9.51356 89.5937 22.8503 
-8.64211 89.7018 22.9755 
-8.79796 89.5888 22.9282 
-8.50494 89.8077 23.0189 
-8.20529 89.9892 23.1005 
-9.54458 89.8858 22.9248 
-9.58813 90.296 23.0294 
-9.65531 90.9286 23.1908 
-9.63876 90.7728 23.1511 
-9.67272 91.0927 23.2326 
-9.65569 90.9323 23.1917 
-9.62633 90.6558 23.1212 
-9.60376 90.4432 23.067 
-9.51657 89.6221 22.8576 
-9.53208 89.7681 22.8948 
-9.64302 90.8129 23.1613 
-9.62827 90.674 23.1259 
19.1789 61.4303 18.4698 
19.4241 61.5417 18.4973 
19.2566 61.1558 18.3826 
-9.59602 90.3703 23.0484 
-9.52775 89.7274 22.8844 
-9.56064 90.0371 22.9634 
-6.78048 88.6596 22.9034 
-6.50134 88.3963 22.864 
-8.34705 89.9255 23.0679 
-9.58967 90.3105 23.0331 
-9.50509 89.5139 22.83 
-9.61004 90.5023 23.0821 
-9.49896 89.4563 22.8153 
-7.48942 89.3163 23.0002 
-7.84558 89.6525 23.0505 
-7.63842 89.4573 23.0213 
-8.51986 89.7964 23.0143 
-9.56917 90.1174 22.9839 
-9.50102 89.4756 22.8202 
-9.60124 90.4194 23.0609 
-9.5105 89.5649 22.843 
-8.39555 89.8844 23.0515 
-8.65488 89.6913 22.9713 
-9.48513 89.3259 22.782 
23.7377 55.6539 16.5832 
25.3805 55.2348 16.3892 
20.7621 61.7002 18.5084 
21.1712 61.4717 18.426 
21.3976 61.2033 18.3365 
24.2144 56.3318 16.763 
20.9673 62.5147 18.7546 
23.7801 55.4932 16.5353 
22.027 61.7738 18.4952 
22.0155 61.7454 18.4867 
22.2331 61.5196 18.4107 
21.4189 61.7507 18.5053 
25.2456 45.4891 13.4722 
27.7101 45.4691 13.3788 
31.4334 46.5781 13.5815 
23.4213 59.3969 17.7198 
28.7783 52.1726 15.3452 
28.3056 48.8415 14.373 
23.8233 60.4166 18.024 
40.4592 47.1878 13.4566 
41.4734 43.9956 12.4396 
25.8956 58.902 17.4964 
26.2216 58.6652 17.4138 
25.9716 58.7192 17.4376 
23.2968 60.3977 18.0331 
32.5793 47.378 13.7718 
40.4433 41.0603 11.5604 
30.5189 41.8587 12.1648 
42.3122 40.062 11.1982 
44.1681 41.8997 11.7143 
45.9341 41.8355 11.6443 
46.7782 41.6339 11.5579 
46.8628 41.7091 11.5788 
46.8322 41.6819 11.5712 
45.2039 40.8336 11.3549 
46.4957 41.3824 11.4881 
37.2257 38.0709 10.7612 
46.7363 41.5966 11.5475 
46.5809 41.4583 11.5092 
44.1868 39.3274 10.9176 
44.3233 34.9459 10.5878 
44.5118 34.3449 10.5723 
44.1104 39.2118 10.8949 
45.9316 41.106 11.4186 
46.4753 41.3643 11.4831 
45.3621 40.3735 11.208 
45.2486 42.671 11.9224 
41.5859 37.0126 10.275 
41.7372 35.3558 10.1677 
44.0797 39.2322 10.8912 
43.2439 38.3842 10.6762 
44.8 39.8732 11.0691 
45.9357 40.884 11.3497 
42.0793 31.1519 9.88826 
41.0703 26.8607 9.365 
44.8436 35.3895 10.7148 
44.4669 29.9528 10.2098 
45.1585 37.5578 10.945 
45.1246 33.3235 10.5972 
44.687 38.6932 10.954 
45.0312 34.246 10.6553 
41.3356 46.7274 13.2891 
41.2618 43.8407 12.3977 
29.6212 55.419 16.3124 
26.0353 46.8782 13.8617 
12.9356 -0.468795 2.22873 
18.2274 -1.2101 3.0961 
20.0581 -1.33164 3.40706 
23.9593 -1.59064 4.06972 
28.7247 -1.90701 4.87917 
26.7713 -1.77732 4.54736 
52.2192 -3.46679 8.86995 
54.4387 -3.61414 9.24695 
44.4967 -2.9541 7.5582 
54.6998 -3.63147 9.2913 
55.8638 -3.70875 9.48901 
39.687 -2.63479 6.74123 
39.9434 -2.65181 6.78478 
36.5019 -2.42333 6.20021 
55.2806 -3.67003 9.38996 
54.8441 -3.64105 9.3158 
22.8881 -1.51952 3.88777 
57.7407 -3.83336 9.80782 
57.6288 -3.82592 9.78881 
31.2061 -0.30628 5.4432 
18.3772 9.68403 4.00191 
63.4247 -3.49992 10.8307 
26.1503 11.4875 5.50953 
20.3547 7.9801 4.21085 
33.6933 17.7739 7.33877 
13.3778 2.51639 2.54722 
25.2904 -1.67901 4.29583 
58.4303 -3.87914 9.92496 
69.264 0.39535 12.1683 
43.3913 27.0321 9.78552 
41.2563 25.2121 9.2645 
38.8806 22.1658 8.60227 
40.4702 24.4472 9.065 
43.9283 24.181 9.64943 
67.3502 1.23882 11.9011 
66.0715 0.0903653 11.5843 
41.1509 18.2919 8.6873 
45.0838 26.3977 10.0309 
67.7423 2.02282 12.0331 
44.351 27.7939 10.0152 
68.4064 1.83161 12.134 
16.1368 -0.787409 2.76392 
21.9831 -1.45944 3.73404 
22.3289 6.9855 4.47645 
18.9501 4.87242 3.71382 
16.2361 5.25467 3.26913 
27.0398 9.86383 5.53429 
34.1083 16.2173 7.2858 
18.8231 -0.455123 3.26144 
40.777 23.2424 9.02147 
67.9684 -4.51236 11.5451 
69.6458 -4.62373 11.83 
79.0075 -5.24524 13.4202 
78.9392 -5.2407 13.4086 
67.4499 -4.47794 11.457 
78.9101 -5.23877 13.4037 
67.6213 -4.48932 11.4861 
78.8975 -5.23793 13.4015 
69.1651 -4.59181 11.7484 
78.9132 -5.23898 13.4042 
72.2612 -4.79736 12.2743 
78.9425 -5.24093 13.4092 
69.832 -4.63609 11.8616 
71.9265 -4.77514 12.2174 
78.9826 -5.24359 13.416 
79.0204 -5.24609 13.4224 
70.5379 -4.68295 11.9816 
79.0163 -5.24583 13.4217 
78.9999 -5.24473 13.4189 
71.1774 -4.72541 12.0902 
71.8923 -4.77287 12.2116 
78.9644 -5.24238 13.4129 
72.5966 -4.26588 12.376 
78.8921 -5.23758 13.4006 
78.7997 -5.23144 13.3849 
73.9025 -2.73432 12.7284 
69.1751 -4.59248 11.7501 
78.9703 -5.24277 13.4139 
78.9933 -5.2443 13.4178 
69.481 -4.61278 11.802 
69.238 -4.27372 11.7868 
78.9358 -5.24048 13.408 
70.6517 -3.24838 12.1173 
78.8733 -5.23633 13.3974 
69.8196 -4.63526 11.8595 
79.0243 -5.24635 13.423 
73.7506 -2.24072 12.7417 
78.7475 -5.22798 13.376 
71.9231 -2.45593 12.4041 
78.8221 -5.23293 13.3887 
72.8136 -2.13766 12.5858 
78.7576 -5.22865 13.3777 
73.3181 -2.07681 12.6791 
78.7657 -5.22919 13.3791 
64.6614 -0.881028 11.2588 
37.3478 13.0334 7.59635 
61.7752 -2.06875 10.6572 
32.5223 7.39663 6.29574 
57.449 -2.93159 9.82951 
33.5584 1.23239 5.97959 
56.9805 -3.43896 9.70646 
28.9601 0.720142 5.13254 
27.0491 -1.79576 4.59455 
25.2525 -1.18214 4.32929 
55.8064 -3.70494 9.47926 
54.5964 -3.62461 9.27373 
52.2957 -3.47186 8.88293 
30.3027 -2.01177 5.14721 
51.8182 -3.44017 8.80183 
29.3144 -1.94616 4.97934 
2.66045 22.6032 7.42572 
24.0627 39.3122 11.6293 
-0.460248 30.9842 10.0344 
25.6673 43.278 12.7827 
19.249 38.344 11.5152 
20.8929 24.1335 6.94494 
14.0807 3.79202 2.77338 
21.4528 1.01567 3.84095 
55.7824 -3.70335 9.47519 
26.8452 -0.182107 4.68911 
79.0189 -5.24599 13.4221 
69.6414 -4.62343 11.8293 
-104.476 2.75364 8.19937 
-103.397 2.79249 8.18125 
-104.926 2.73791 8.20738 
-10.0067 29.4561 9.96576 
-12.8587 28.739 9.8631 
21.3941 -1.42033 3.63399 
68.5879 -4.55349 11.6503 
63.6587 -4.22624 10.813 
66.649 -4.42477 11.321 
64.5697 -4.28673 10.9678 
23.3093 -1.54748 3.95931 
66.7121 -0.802681 11.6245 
34.0597 21.7445 7.72354 
79.4403 -5.27397 13.4937 
79.4414 -5.27405 13.4939 
79.439 -5.27388 13.4935 
79.4394 -5.27391 13.4936 
79.4424 -5.27411 13.4941 
79.4432 -5.27416 13.4942 
79.4438 -5.27421 13.4943 
79.4441 -5.27423 13.4944 
79.4441 -5.27423 13.4944 
79.4439 -5.27421 13.4943 
79.4426 -5.27413 13.4941 
79.4418 -5.27407 13.494 
79.4411 -5.27403 13.4938 
79.4402 -5.27396 13.4937 
79.4387 -5.27387 13.4934 
79.4385 -5.27385 13.4934 
79.4383 -5.27384 13.4934 
79.4433 -5.27418 13.4942 
79.4394 -5.27391 13.4936 
79.4381 -5.27383 13.4933 
79.4383 -5.27384 13.4934 
79.4387 -5.27386 13.4934 
79.4398 -5.27394 13.4936 
34.5684 30.1829 8.49396 
29.4696 21.0955 6.86686 
25.8656 14.467 5.7002 
37.6285 49.5867 14.2795 
45.8307 40.7905 11.3238 
44.8401 39.9089 11.079 
39.0748 34.7776 9.65455 
34.4891 25.5343 8.10475 
30.5555 18.9416 6.88324 
-107.737 2.64499 8.26275 
-107.752 2.64537 8.26393 
-107.83 2.64728 8.26992 
-107.759 2.64555 8.26449 
-107.966 2.65061 8.28032 
-107.886 2.64865 8.27421 
-107.982 2.651 8.28153 
-107.894 2.64885 8.2748 
-107.79 2.64629 8.26683 
-107.887 2.64868 8.27429 
-107.996 2.65134 8.28261 
-108.004 2.65154 8.28323 
-107.829 2.64725 8.26982 
-107.819 2.64702 8.26909 
-107.853 2.64783 8.27163 
-107.916 2.64938 8.27648 
-107.925 2.64961 8.27719 
-107.994 2.6513 8.28248 
-107.933 2.64981 8.27783 
-107.994 2.65131 8.2825 
-107.73 2.64482 8.26222 
-107.744 2.64516 8.26329 
-107.748 2.64527 8.26364 
-107.743 2.64513 8.26321 
-107.85 2.64776 8.27141 
-107.922 2.64953 8.27696 
-107.907 2.64917 8.27582 
-107.965 2.65059 8.28026 
-107.807 2.64671 8.26812 
-107.775 2.64592 8.26565 
-107.947 2.65016 8.27891 
-107.978 2.65091 8.28125 
-107.814 2.6469 8.26871 
-107.807 2.64672 8.26816 
-107.829 2.64725 8.26981 
-107.814 2.64688 8.26866 
-107.946 2.65012 8.2788 
-107.897 2.64893 8.27506 
-107.97 2.65072 8.28064 
-107.936 2.64989 8.27806 
-107.751 2.64533 8.26383 
-107.733 2.6449 8.26246 
-107.873 2.64834 8.27323 
-107.896 2.64889 8.27493 
-107.924 2.64958 8.2771 
-107.985 2.65108 8.28178 
-107.986 2.65111 8.28187 
-107.927 2.64966 8.27735 
-107.99 2.6512 8.28216 
-107.987 2.65114 8.28196 
-107.978 2.65091 8.28125 
-107.937 2.6499 8.27809 
-107.939 2.64995 8.27824 
-107.977 2.6509 8.28121 
-107.988 2.65115 8.28201 
-107.931 2.64976 8.27766 
-107.987 2.65113 8.28194 
-107.943 2.65006 8.27861 
-107.977 2.6509 8.28121 
-107.931 2.64975 8.27764 
-107.839 2.64751 8.27062 
-107.916 2.64938 8.27648 
-107.816 2.64694 8.26883 
-107.82 2.64702 8.26912 
-107.781 2.64608 8.26615 
-107.747 2.64524 8.26355 
-96.965 37.7783 9.0032 
-96.6936 37.6726 8.97801 
-96.5113 38.1472 9.18246 
-96.4711 37.5859 8.95735 
-96.3068 37.5387 8.94894 
-97.1393 37.8462 9.01938 
-96.7338 37.6882 8.98174 
-97.1697 37.8581 9.02221 
-96.6203 37.644 8.9712 
-96.624 38.1583 9.17961 
-96.3066 37.5527 8.9546 
-96.6743 37.665 8.97621 
-96.8729 37.7424 8.99465 
-96.2709 37.5079 8.93875 
-97.1672 37.8571 9.02197 
-97.1378 37.8456 9.01925 
-97.1878 37.8651 9.02389 
-97.0702 37.8193 9.01297 
-97.784 38.0974 9.07924 
-97.1984 37.8692 9.02487 
-97.2175 37.8767 9.02665 
-97.4517 37.9679 9.0484 
-97.251 37.8897 9.02976 
-97.3678 37.9352 9.0406 
-97.7032 38.0659 9.07175 
-97.1234 37.84 9.01791 
-97.4353 37.9615 9.04687 
-97.3325 37.9215 9.03733 
-96.8778 37.7443 8.9951 
-97.0094 37.7956 9.00732 
-97.1852 37.8641 9.02365 
-97.1983 37.8692 9.02486 
-96.7957 37.7123 8.98748 
-97.0796 37.8229 9.01384 
-97.1771 37.8609 9.02289 
-97.2059 37.8721 9.02557 
-97.3392 37.9241 9.03795 
-97.1699 37.8581 9.02223 
-97.1971 37.8687 9.02475 
-97.3346 37.9223 9.03752 
-97.0903 37.8271 9.01483 
-97.1262 37.8411 9.01817 
-97.2119 37.8745 9.02613 
-97.2005 37.87 9.02506 
-97.2225 37.8786 9.02711 
-97.3137 37.9141 9.03558 
-97.1599 37.8542 9.0213 
-97.1945 37.8677 9.02451 
-97.1706 37.8584 9.02229 
-96.6007 37.6364 8.96938 
-97.2 37.8698 9.02502 
-96.9436 37.7699 9.00121 
-96.8863 37.7476 8.9959 
-96.9645 37.7781 9.00315 
-97.3236 -28.6419 3.93086 
-97.2286 -28.6139 3.92701 
-96.0965 -28.6241 4.10574 
-96.4968 -28.4155 3.90855 
-96.5225 -28.4662 3.93775 
-97.0297 -28.5554 3.91898 
-96.4369 -28.3809 3.89504 
-97.2187 -28.611 3.92662 
-96.8802 -28.5114 3.91294 
-96.206 -28.6462 4.10357 
-96.6305 -28.5119 3.95125 
-96.4086 -28.3726 3.8939 
-97.1433 -28.5888 3.92357 
-96.5731 -28.4505 3.91986 
-97.1099 -28.579 3.92222 
-97.2538 -28.6213 3.92803 
-97.6441 -28.7362 3.9438 
-97.1501 -28.5908 3.92385 
-98.3941 -28.9569 3.97409 
-97.8592 -28.7995 3.95249 
-97.1422 -28.5885 3.92353 
-97.3099 -28.6378 3.9303 
-97.1972 -28.6047 3.92575 
-97.0461 -28.5602 3.91965 
-98.3091 -28.9319 3.97066 
-97.5993 -28.723 3.94199 
-97.3718 -28.656 3.9328 
-97.0874 -28.5723 3.92131 
-96.9907 -28.5439 3.91741 
-97.3233 -28.6418 3.93084 
-97.1934 -28.6035 3.9256 
-97.2408 -28.6175 3.92751 
-96.7318 -28.4677 3.90695 
-97.4855 -28.6895 3.93739 
-97.1173 -28.5812 3.92252 
-97.2313 -28.6147 3.92713 
-97.22 -28.6114 3.92667 
-96.7745 -28.4803 3.90868 
-96.7999 -28.4877 3.9097 
-97.1823 -28.6003 3.92514 
-96.7821 -28.4825 3.90898 
-96.8196 -28.4935 3.9105 
-97.2715 -28.6265 3.92875 
-97.2513 -28.6206 3.92793 
-96.8228 -28.4945 3.91063 
-97.1529 -28.5916 3.92396 
-96.8543 -28.5037 3.9119 
-97.2115 -28.6089 3.92633 
-97.2679 -28.6255 3.92861 
-96.581 -28.4233 3.90086 
-97.1734 -28.5977 3.92479 
-97.2318 -28.6148 3.92715 
-97.266 -28.6249 3.92853 
-97.5757 -28.7161 3.94104 
-56.1594 -52.9971 13.7836 
-59.2449 -54.2657 13.7289 
-66.3704 -57.2015 13.6054 
-69.0914 -58.3163 13.5552 
-69.8498 -58.6221 13.5388 
-70.8285 -59.0236 13.5209 
-70.3394 -58.8218 13.5292 
-70.6643 -58.9551 13.5233 
-61.2519 -55.092 13.6938 
-66.7896 -57.3761 13.5991 
-69.8848 -58.6389 13.5393 
-70.42 -58.857 13.5288 
-63.4173 -55.9835 13.6559 
-68.9404 -58.2578 13.5596 
-70.8159 -59.0219 13.5229 
-70.9963 -59.0952 13.5192 
-55.879 -52.8816 13.7885 
-69.7993 -58.6065 13.5422 
-70.8271 -59.0282 13.5235 
-55.8552 -52.8711 13.7886 
-70.7559 -58.9935 13.5221 
-70.7158 -58.9763 13.5225 
-70.6871 -58.9643 13.5229 
-70.6628 -58.9539 13.5231 
-70.4622 -58.8794 13.5306 
-58.5584 -53.9835 13.7411 
-70.6857 -58.9662 13.5241 
-70.7051 -58.9734 13.5234 
-69.5092 -58.4904 13.5489 
-62.03 -55.4126 13.6803 
-70.7234 -58.9839 13.5245 
-70.8858 -59.0494 13.521 
-69.4749 -58.4735 13.5481 
-55.9649 -52.917 13.787 
-70.8997 -59.0529 13.5197 
-70.6805 -58.9617 13.523 
-70.6307 -58.9411 13.5239 
-70.5411 -58.9042 13.5254 
-70.5609 -58.9123 13.5251 
-70.6352 -58.9429 13.5238 
-70.6234 -58.94 13.5249 
-70.634 -58.9442 13.5247 
-70.9794 -59.0879 13.5194 
-70.9316 -59.0681 13.5202 
-70.5777 -58.9192 13.5247 
-70.6406 -58.9451 13.5237 
-70.6424 -58.9476 13.5245 
-70.8936 -59.0524 13.5208 
-70.9442 -59.0736 13.5201 
-69.2438 -58.3818 13.5539 
-70.8578 -59.0391 13.5221 
-62.6225 -55.6565 13.6699 
-60.0553 -54.5995 13.7147 
-57.3452 -53.4842 13.7623 
-9.51064 89.5662 22.8433 
-9.51176 89.5768 22.846 
-9.46281 89.1158 22.7284 
-9.47279 89.2098 22.7524 
-9.42618 88.7708 22.6405 
-9.38618 88.3941 22.5444 
-9.42715 88.7799 22.6428 
-9.41131 88.6308 22.6047 
-9.52327 89.6852 22.8737 
-9.47283 89.2102 22.7525 
-9.43311 88.8361 22.6571 
-9.42747 88.7829 22.6436 
-9.5314 89.7618 22.8932 
-9.50355 89.4995 22.8263 
-9.42451 88.7551 22.6364 
-9.41344 88.6508 22.6099 
-9.51542 89.6112 22.8548 
-9.48128 89.2898 22.7728 
-9.47193 89.2017 22.7503 
-9.51812 89.6366 22.8613 
-9.40774 88.5972 22.5962 
-9.4371 88.8737 22.6667 
-9.41345 88.651 22.6099 
-9.42877 88.7952 22.6467 
-9.48468 89.3217 22.781 
-9.53071 89.7553 22.8915 
-9.44684 88.9654 22.6901 
-9.42959 88.803 22.6487 
-9.51251 89.5838 22.8478 
-9.53511 89.7967 22.9021 
-9.4521 89.015 22.7027 
-9.43155 88.8214 22.6534 
-9.47833 89.262 22.7657 
-9.51393 89.5972 22.8512 
-9.39966 88.521 22.5768 
-9.41179 88.6353 22.6059 
-9.42791 88.7872 22.6446 
-9.42874 88.7949 22.6466 
-9.42397 88.75 22.6352 
-9.43947 88.896 22.6724 
-9.50834 89.5445 22.8378 
-9.53212 89.7685 22.8949 
-9.52719 89.7221 22.8831 
-9.51514 89.6086 22.8541 
79.3525 -5.26814 13.4788 
79.3744 -5.2696 13.4825 
79.3891 -5.27057 13.485 
79.3824 -5.27013 13.4839 
79.373 -5.26951 13.4823 
79.3601 -5.26865 13.4801 
79.3866 -5.27041 13.4846 
79.3902 -5.27065 13.4852 
79.3888 -5.27056 13.485 
79.3846 -5.27028 13.4843 
79.3781 -5.26984 13.4831 
79.383 -5.27017 13.484 
79.3906 -5.27067 13.4853 
79.38 -5.26997 13.4835 
79.3916 -5.27074 13.4854 
79.3889 -5.27056 13.485 
79.3914 -5.27073 13.4854 
79.3677 -5.26915 13.4814 
79.3568 -5.26843 13.4795 
79.3753 -5.26965 13.4827 
79.3567 -5.26842 13.4795 
79.3772 -5.26978 13.483 
79.3742 -5.26959 13.4825 
79.4368 -5.27374 13.4931 
79.4396 -5.27393 13.4936 
79.4408 -5.27401 13.4938 
79.4403 -5.27397 13.4937 
79.4389 -5.27388 13.4935 
79.4378 -5.27381 13.4933 
79.4407 -5.274 13.4938 
79.4407 -5.274 13.4938 
79.4406 -5.27399 13.4938 
79.4404 -5.27398 13.4937 
79.4398 -5.27394 13.4936 
79.4398 -5.27394 13.4936 
79.4407 -5.274 13.4938 
79.4399 -5.27395 13.4936 
79.441 -5.27402 13.4938 
79.4406 -5.274 13.4938 
79.4408 -5.27401 13.4938 
79.439 -5.27388 13.4935 
79.4377 -5.2738 13.4933 
79.4393 -5.27391 13.4935 
79.4375 -5.27378 13.4932 
79.4399 -5.27395 13.4936 
79.4394 -5.27391 13.4936 
76.3412 -5.06823 12.9673 
77.2027 -5.12542 13.1136 
76.4891 -5.07805 12.9924 
76.7016 -5.09215 13.0285 
76.5856 -5.08446 13.0088 
76.8883 -5.10455 13.0602 
77.1813 -5.124 13.11 
76.8541 -5.10228 13.0544 
76.9927 -5.11148 13.078 
76.5995 -5.08537 13.0112 
76.7805 -5.09739 13.0419 
76.6853 -5.09107 13.0257 
77.1379 -5.12112 13.1026 
76.9123 -5.10614 13.0643 
76.2944 -5.06512 12.9593 
76.3545 -5.06911 12.9696 
77.1903 -5.1246 13.1115 
77.4018 -5.13864 13.1475 
76.2353 -5.0612 12.9493 
77.0896 -5.11791 13.0944 
77.1426 -5.12143 13.1034 
77.1843 -5.1242 13.1105 
77.3609 -5.13592 13.1405 
79.4448 -5.27428 13.4945 
79.4449 -5.27428 13.4945 
79.4453 -5.27431 13.4946 
79.4451 -5.27429 13.4945 
79.4453 -5.27431 13.4946 
79.4451 -5.27429 13.4945 
79.4452 -5.2743 13.4945 
79.4457 -5.27433 13.4946 
79.4457 -5.27433 13.4946 
79.4457 -5.27433 13.4946 
79.4456 -5.27432 13.4946 
79.4455 -5.27432 13.4946 
79.4457 -5.27433 13.4946 
79.4453 -5.27431 13.4946 
79.4454 -5.27431 13.4946 
79.4454 -5.27431 13.4946 
79.4454 -5.27431 13.4946 
79.4448 -5.27428 13.4945 
79.4448 -5.27427 13.4945 
79.4454 -5.27431 13.4946 
79.4448 -5.27428 13.4945 
79.4456 -5.27432 13.4946 
79.4455 -5.27432 13.4946 
79.4409 -5.27401 13.4938 
79.4402 -5.27396 13.4937 
79.4413 -5.27404 13.4939 
79.4406 -5.274 13.4938 
79.4425 -5.27412 13.4941 
79.4416 -5.27406 13.4939 
79.441 -5.27402 13.4938 
79.4448 -5.27428 13.4945 
79.4439 -5.27421 13.4943 
79.445 -5.27429 13.4945 
79.445 -5.27429 13.4945 
79.4433 -5.27417 13.4942 
79.4445 -5.27425 13.4944 
79.4429 -5.27414 13.4941 
79.4416 -5.27406 13.4939 
79.4421 -5.2741 13.494 
79.4418 -5.27407 13.494 
79.4398 -5.27394 13.4936 
79.4399 -5.27395 13.4936 
79.4436 -5.27419 13.4943 
79.4402 -5.27397 13.4937 
79.4448 -5.27427 13.4945 
79.4442 -5.27423 13.4944 
