3354
5 0 0.756198
6 0 0.848237
7 0 0.873572
8 0 0.839651
9 0 0.860304
10 0 0.868191
11 0 0.810171
12 0 0.716099
13 0 0.758332
14 0 0.828498
15 0 0.565557
16 0 0.636184
17 0 0.403431
18 0 0.467801
21 0 0.052648
22 0 0.025997
23 0 0.827675
24 0 0.802585
25 0 0.787283
26 0 0.790545
27 0 0.866317
28 0 0.854418
29 0 0.841938
30 0 0.863138
31 0 0.837082
32 0 0.838513
33 0 0.845618
34 0 0.591209
35 0 0.657900
36 0 0.766997
37 0 0.741968
38 0 0.079124
40 0 0.015428
41 0 0.084991
42 0 0.682134
43 0 0.739686
44 0 0.686684
45 0 0.627934
47 0 0.002632
48 0 0.089535
49 0 0.106354
50 0 0.575956
51 0 0.505570
52 0 0.263539
53 0 0.342124
55 0 0.063273
56 0 0.078578
57 0 0.146549
58 0 0.106492
59 0 0.060275
62 0 0.013019
64 0 0.288701
65 0 0.251042
66 0 0.274831
67 0 0.324509
68 0 0.393071
69 0 0.349351
70 0 0.453952
71 0 0.507030
72 0 0.552201
73 0 0.456186
74 0 0.522800
75 0 0.596722
76 0 0.299838
77 0 0.123411
78 0 0.162215
79 0 0.376192
80 0 0.810518
81 0 0.807089
82 0 0.823980
83 0 0.823632
84 0 0.773509
85 0 0.798074
86 0 0.722551
87 0 0.753146
88 0 0.706105
89 0 0.668179
90 0 0.088802
91 0 0.099235
92 0 0.165726
93 0 0.158367
94 0 0.362284
95 0 0.374328
96 0 0.587646
97 0 0.584066
98 0 0.743613
99 0 0.744402
100 0 0.687884
101 0 0.691707
102 0 0.801577
103 0 0.798453
104 0 0.493911
105 0 0.369002
106 0 0.304047
107 0 0.399390
108 0 0.193431
109 0 0.235590
110 0 0.809408
111 0 0.844550
112 0 0.029224
114 0 0.776170
115 0 0.787302
116 0 0.719280
117 0 0.610946
118 0 0.730363
119 0 0.488862
120 0 0.663037
121 0 0.415278
122 0 0.622752
123 0 0.819793
124 0 0.783303
125 0 0.763165
126 0 0.783938
127 0 0.769792
128 0 0.700899
129 0 0.598822
130 0 0.559468
131 0 0.508427
132 0 0.100643
134 0 0.068920
135 0 0.012385
136 0 0.123263
137 0 0.204387
138 0 0.773170
139 0 0.847888
140 0 0.864883
141 0 0.813156
142 0 0.706869
143 0 0.550030
144 0 0.362859
145 0 0.210036
148 0 0.774510
149 0 0.872110
150 0 0.884654
151 0 0.833657
152 0 0.732989
153 0 0.563851
154 0 0.370519
157 0 0.205590
158 0 0.819226
159 0 0.900759
160 0 0.911615
161 0 0.872562
162 0 0.781001
163 0 0.626383
164 0 0.409742
167 0 0.225324
168 0 0.845744
169 0 0.905488
170 0 0.943995
171 0 0.926088
172 0 0.956156
173 0 0.936805
174 0 0.941738
175 0 0.911634
176 0 0.898912
177 0 0.805834
178 0 0.722622
179 0 0.849045
180 0 0.652941
181 0 0.512464
182 0 0.014726
183 0 0.099726
186 0 0.296740
187 0 0.329704
188 0 0.319234
189 0 0.103532
190 0 0.048559
191 0 0.194048
192 0 0.777449
193 0 0.358307
194 0 0.692052
195 0 0.856404
196 0 0.898403
197 0 0.919333
198 0 0.887367
199 0 0.929085
200 0 0.947890
201 0 0.948849
202 0 0.964501
203 0 0.961573
204 0 0.965386
205 0 0.966037
206 0 0.970986
207 0 0.959067
208 0 0.935992
209 0 0.506048
210 0 0.143439
211 0 0.136838
212 0 0.883714
213 0 0.826720
214 0 0.864623
215 0 0.890499
216 0 0.913063
217 0 0.929472
218 0 0.937648
219 0 0.935303
220 0 0.587241
221 0 0.253940
222 0 0.870346
223 0 0.757858
224 0 0.799260
225 0 0.817165
226 0 0.846565
227 0 0.876950
228 0 0.889184
229 0 0.885216
230 0 0.517405
231 0 0.113236
232 0 0.793828
233 0 0.691313
234 0 0.573850
235 0 0.501572
236 0 0.678641
237 0 0.436349
238 0 0.674823
239 0 0.440792
240 0 0.699329
241 0 0.738472
242 0 0.552579
243 0 0.586234
244 0 0.753699
245 0 0.552890
246 0 0.728866
247 0 0.285006
248 0 0.169454
249 0 0.035403
250 0 0.061968
251 0 0.326801
252 0 0.563411
253 0 0.160804
254 0 0.053903
255 0 0.086793
256 0 0.227841
259 0 0.107137
260 0 0.043882
261 0 0.216174
262 0 0.290455
263 0 0.064096
265 0 0.133602
266 0 0.313259
267 0 0.195522
268 0 0.198620
269 0 0.126758
270 0 0.123139
271 0 0.689918
272 0 0.735937
273 0 0.629962
274 0 0.755394
275 0 0.737809
276 0 0.365357
277 0 0.574296
278 0 0.462345
279 0 0.569006
280 0 0.406732
281 0 0.624184
282 0 0.652195
283 0 0.301729
284 0 0.266025
285 0 0.329122
286 0 0.231975
287 0 0.411776
288 0 0.523118
289 0 0.153990
290 0 0.197518
291 0 0.209141
292 0 0.118288
293 0 0.128476
294 0 0.272152
295 0 0.360375
458 0 0.889296
459 0 0.946328
460 0 0.967264
461 0 0.970567
462 0 0.960945
463 0 0.937065
464 0 0.902547
471 0 0.007787
472 0 0.002194
625 0 0.568088
631 0 0.028996
632 0 0.008686
633 0 0.062735
781 0 0.810836
782 0 0.904870
783 0 0.952920
784 0 0.967304
785 0 0.964892
786 0 0.944870
787 0 0.906584
949 0 0.011275
950 0 0.020332
951 0 0.064107
952 0 0.053541
953 0 0.067791
954 0 0.076666
955 0 0.085776
956 0 0.068870
957 0 0.065190
958 0 0.093277
959 0 0.089858
960 0 0.072485
961 0 0.166654
962 0 0.167474
963 0 0.053894
964 0 0.024201
965 0 0.090149
966 0 0.189815
1082 0 0.043531
1083 0 0.037675
1084 0 0.019007
1087 0 0.015088
1095 0 0.018081
1096 0 0.051276
1097 0 0.074322
1098 0 0.055289
1106 0 0.106060
1109 0 0.040997
1110 0 0.103292
1111 0 0.106002
1112 0 0.037226
1117 0 0.073566
1118 0 0.105531
1119 0 0.018479
1120 0 0.052941
1121 0 0.010009
1123 0 0.158995
1124 0 0.212364
1125 0 0.087920
1126 0 0.143249
1127 0 0.058685
1128 0 0.105578
1129 0 0.042780
1130 0 0.099553
1134 0 0.034047
1135 0 0.802456
1136 0 0.743508
1137 0 0.730246
1138 0 0.683828
1139 0 0.631476
1140 0 0.652809
1141 0 0.337063
1142 0 0.310529
1143 0 0.435058
1144 0 0.307614
1145 0 0.293206
1146 0 0.495276
1147 0 0.491320
1148 0 0.535188
1149 0 0.300194
1150 0 0.304870
1151 0 0.691916
1152 0 0.265818
1153 0 0.266493
1154 0 0.585259
1155 0 0.669335
1156 0 0.177857
1157 0 0.543121
1158 0 0.649315
1159 0 0.388820
1160 0 0.789472
1161 0 0.671941
1162 0 0.258730
1163 0 0.083076
1164 0 0.185524
1165 0 0.230030
1166 0 0.288518
1167 0 0.242290
1168 0 0.202106
1169 0 0.100126
1170 0 0.126968
1171 0 0.290341
1172 0 0.167937
1173 0 0.088154
1174 0 0.165708
1175 0 0.081319
1176 0 0.764554
1177 0 0.701547
1178 0 0.634732
1179 0 0.697588
1180 0 0.727272
1181 0 0.547562
1182 0 0.398447
1183 0 0.732921
1184 0 0.249672
1185 0 0.139560
1186 0 0.116325
1189 0 0.147320
1191 0 0.146062
1193 0 0.127248
1195 0 0.088700
1197 0 0.116893
1198 0 0.092491
1201 0 0.106132
1204 0 0.093478
1205 0 0.076658
1207 0 0.062164
1210 0 0.048116
1211 0 0.106430
1214 0 0.107473
1215 0 0.103199
1217 0 0.087840
1219 0 0.111460
1221 0 0.045183
1223 0 0.073218
1225 0 0.058792
1227 0 0.051709
1229 0 0.154059
1230 0 0.386679
1231 0 0.199933
1232 0 0.500242
1233 0 0.251733
1234 0 0.542689
1235 0 0.256420
1236 0 0.607336
1237 0 0.636797
1238 0 0.652987
1239 0 0.278599
1240 0 0.299594
1241 0 0.332078
1242 0 0.602369
1243 0 0.340320
1244 0 0.618192
1245 0 0.317232
1246 0 0.096450
1247 0 0.113695
1248 0 0.059424
1249 0 0.090455
1250 0 0.363212
1251 0 0.768455
1252 0 0.701916
1253 0 0.273404
1254 0 0.635599
1256 0 0.109955
1260 0 0.073447
1261 0 0.069234
1262 0 0.723555
1263 0 0.134411
1264 0 0.195923
1265 0 0.158331
1266 0 0.183689
1267 0 0.699846
1268 0 0.127522
1269 0 0.355507
1293 0 0.249745
1294 0 0.420261
1295 0 0.528066
1298 0 0.041098
1299 0 0.147874
1300 0 0.315300
1301 0 0.426502
1621 0 0.000208
1623 0 0.000325
1626 0 0.002572
1627 0 0.012214
1628 0 0.000123
1629 0 0.019837
1630 0 0.015520
1631 0 0.017223
1639 0 0.005914
1641 0 0.001585
1642 0 0.000495
42 1 0.102573
43 1 0.062426
44 1 0.068227
45 1 0.117212
47 1 0.004953
48 1 0.057162
49 1 0.017145
50 1 0.176228
51 1 0.222906
52 1 0.488390
53 1 0.388364
54 1 0.096285
55 1 0.137353
56 1 0.708576
57 1 0.615877
58 1 0.710983
59 1 0.790559
60 1 0.924446
61 1 0.894589
62 1 0.703654
63 1 0.749041
72 1 0.071726
73 1 0.126535
74 1 0.126362
75 1 0.072466
76 1 0.242609
77 1 0.613215
78 1 0.591952
79 1 0.253529
81 1 0.005279
84 1 0.015500
86 1 0.001108
88 1 0.029905
89 1 0.035982
90 1 0.662096
91 1 0.606228
92 1 0.553515
93 1 0.579495
94 1 0.359673
95 1 0.341334
96 1 0.165248
97 1 0.169351
98 1 0.065163
99 1 0.062815
100 1 0.099870
101 1 0.097440
104 1 0.071153
105 1 0.125178
112 1 0.477186
113 1 0.582537
114 1 0.037176
115 1 0.024022
116 1 0.074636
117 1 0.122021
118 1 0.052578
119 1 0.166659
120 1 0.064170
121 1 0.175319
122 1 0.069726
126 1 0.019172
127 1 0.017457
128 1 0.025533
129 1 0.028889
130 1 0.030453
131 1 0.029247
134 1 0.791205
135 1 0.884315
136 1 0.405215
137 1 0.366627
209 1 0.021080
220 1 0.087813
221 1 0.083626
222 1 0.040358
228 1 0.011076
229 1 0.048897
230 1 0.214532
231 1 0.270205
232 1 0.107867
241 1 0.022832
242 1 0.052639
243 1 0.106427
244 1 0.068679
245 1 0.211803
246 1 0.131628
247 1 0.562860
248 1 0.729651
249 1 0.885956
250 1 0.704954
251 1 0.527910
252 1 0.313863
261 1 0.053935
262 1 0.152226
263 1 0.864405
264 1 0.944485
265 1 0.713184
266 1 0.332204
267 1 0.139990
268 1 0.276602
269 1 0.291651
270 1 0.119978
271 1 0.003440
273 1 0.042201
276 1 0.160823
277 1 0.079576
278 1 0.008761
280 1 0.050441
283 1 0.122504
286 1 0.033790
291 1 0.073156
292 1 0.053541
293 1 0.007389
456 1 0.963363
457 1 0.935620
627 1 0.069621
628 1 0.235297
632 1 0.095458
633 1 0.043175
635 1 0.044028
636 1 0.115207
640 1 0.032751
660 1 0.282705
661 1 0.500164
662 1 0.210885
663 1 0.022690
665 1 0.139293
666 1 0.336814
667 1 0.083610
788 1 0.575767
789 1 0.620583
790 1 0.821217
791 1 0.934214
792 1 0.964904
793 1 0.649299
794 1 0.805833
795 1 0.888490
796 1 0.966831
797 1 0.937465
798 1 0.875150
799 1 0.934785
800 1 0.957202
801 1 0.758601
802 1 0.885548
803 1 0.932499
804 1 0.969701
805 1 0.956949
806 1 0.823237
807 1 0.841067
808 1 0.849025
809 1 0.818992
810 1 0.850380
811 1 0.862252
812 1 0.880582
813 1 0.875119
814 1 0.166368
815 1 0.150755
816 1 0.140339
817 1 0.174223
818 1 0.064963
819 1 0.081679
820 1 0.167341
821 1 0.156580
822 1 0.148380
823 1 0.154866
824 1 0.976376
825 1 0.970008
826 1 0.967977
827 1 0.865650
828 1 0.132750
829 1 0.974913
830 1 0.962482
831 1 0.972180
832 1 0.873702
833 1 0.148849
834 1 0.108704
835 1 0.097510
836 1 0.093597
837 1 0.096208
838 1 0.080587
839 1 0.065715
840 1 0.064043
841 1 0.059707
842 1 0.047306
845 1 0.016276
846 1 0.000206
848 1 0.058452
849 1 0.059935
852 1 0.040670
853 1 0.069110
854 1 0.014826
948 1 0.937667
949 1 0.910270
950 1 0.871009
951 1 0.800812
952 1 0.792058
953 1 0.717640
954 1 0.656737
955 1 0.561534
956 1 0.227998
957 1 0.191360
958 1 0.324211
959 1 0.563133
960 1 0.205131
961 1 0.462049
962 1 0.164722
963 1 0.820582
964 1 0.857109
965 1 0.644525
966 1 0.276746
1070 1 0.037545
1071 1 0.016204
1075 1 0.017595
1077 1 0.041216
1082 1 0.132541
1083 1 0.111699
1084 1 0.069438
1086 1 0.016658
1087 1 0.071947
1095 1 0.039457
1097 1 0.091458
1106 1 0.042182
1134 1 0.110682
1245 1 0.320345
1246 1 0.175667
1247 1 0.523159
1248 1 0.140991
1249 1 0.234967
1250 1 0.083180
1260 1 0.684898
1261 1 0.731387
798 2 0.016022
799 2 0.006270
800 2 0.008517
801 2 0.009019
802 2 0.000640
806 2 0.157802
807 2 0.149769
808 2 0.146599
809 2 0.150810
810 2 0.130836
811 2 0.128080
812 2 0.117699
813 2 0.120108
814 2 0.828856
815 2 0.846119
816 2 0.857668
817 2 0.819707
818 2 0.933255
819 2 0.915221
820 2 0.828285
821 2 0.841001
822 2 0.850975
823 2 0.843978
827 2 0.132275
828 2 0.866108
832 2 0.125045
833 2 0.850416
834 2 0.886924
835 2 0.899093
836 2 0.904012
837 2 0.899430
838 2 0.917841
839 2 0.929606
840 2 0.931835
841 2 0.937104
842 2 0.946897
843 2 0.981684
844 2 0.975312
845 2 0.963247
846 2 0.972421
847 2 0.986009
848 2 0.940539
849 2 0.939230
850 2 0.975332
851 2 0.977224
852 2 0.952307
853 2 0.929784
854 2 0.965664
855 2 0.970240
856 2 0.971091
857 2 0.975331
858 2 0.981332
859 2 0.928636
860 2 0.934592
861 2 0.938001
862 2 0.928378
863 2 0.950611
864 2 0.968379
865 2 0.989107
866 2 0.974544
867 2 0.978543
868 2 0.989407
869 2 0.948822
870 2 0.986143
871 2 0.962110
872 2 0.896028
873 2 0.904949
874 2 0.903861
875 2 0.894363
876 2 0.901651
877 2 0.927657
878 2 0.937748
879 2 0.945912
880 2 0.914351
881 2 0.921519
882 2 0.837789
883 2 0.857799
884 2 0.854901
885 2 0.815252
886 2 0.816145
887 2 0.820981
888 2 0.842442
889 2 0.848147
890 2 0.855137
891 2 0.850573
892 2 0.182399
893 2 0.169698
894 2 0.165750
895 2 0.193877
896 2 0.228641
897 2 0.307730
898 2 0.291398
899 2 0.492101
900 2 0.150991
901 2 0.183988
902 2 0.052202
903 2 0.045883
904 2 0.041029
905 2 0.059187
906 2 0.060135
907 2 0.067058
908 2 0.075300
909 2 0.007306
911 2 0.058266
912 2 0.034088
913 2 0.044075
914 2 0.054730
928 2 0.025672
930 2 0.223456
931 2 0.326534
932 2 0.051978
936 2 0.063621
937 2 0.236812
938 2 0.136687
939 2 0.098906
940 2 0.033470
944 2 0.045176
945 2 0.143213
946 2 0.093415
1370 2 0.056996
1372 2 0.001763
1377 2 0.053569
1378 2 0.003227
859 3 0.067678
860 3 0.061894
861 3 0.059337
862 3 0.069030
863 3 0.044737
864 3 0.009747
869 3 0.048652
871 3 0.022951
872 3 0.101514
873 3 0.092717
874 3 0.094427
875 3 0.103862
876 3 0.097274
877 3 0.071545
878 3 0.061708
879 3 0.053482
880 3 0.084495
881 3 0.077752
882 3 0.160753
883 3 0.140749
884 3 0.144012
885 3 0.183745
886 3 0.183275
887 3 0.178689
888 3 0.157335
889 3 0.151615
890 3 0.144230
891 3 0.149052
892 3 0.817332
893 3 0.830049
894 3 0.834050
895 3 0.805918
896 3 0.771210
897 3 0.692149
898 3 0.708496
899 3 0.507756
900 3 0.848887
901 3 0.815918
902 3 0.947730
903 3 0.951991
904 3 0.954426
905 3 0.940752
906 3 0.939817
907 3 0.932897
908 3 0.924671
909 3 0.971325
910 3 0.988256
911 3 0.941715
912 3 0.957909
913 3 0.952916
914 3 0.945219
915 3 0.987414
916 3 0.983584
917 3 0.988371
918 3 0.994785
919 3 0.982040
920 3 0.982567
921 3 0.998818
922 3 0.999219
923 3 0.988214
924 3 0.988945
925 3 0.983810
926 3 0.984989
927 3 0.978595
928 3 0.962145
929 3 0.997358
930 3 0.776464
931 3 0.673368
932 3 0.947978
933 3 0.998695
934 3 0.987324
935 3 0.977054
936 3 0.936342
937 3 0.763102
938 3 0.863262
939 3 0.901063
940 3 0.958232
941 3 0.998157
942 3 0.987285
943 3 0.977540
944 3 0.952384
945 3 0.856737
946 3 0.906552
947 3 0.988709
1368 3 0.987424
1369 3 0.984661
1370 3 0.945862
1371 3 0.982395
1372 3 0.979579
1373 3 0.989199
1374 3 0.985070
1375 3 0.989509
1376 3 0.983914
1377 3 0.949230
1378 3 0.978628
1379 3 0.984464
1380 3 0.986486
1381 3 0.980356
1382 3 0.989483
1383 3 0.989184
1384 3 0.989693
1385 3 0.988496
1386 3 0.995764
1387 3 0.989801
1388 3 0.989996
1389 3 0.992381
1390 3 0.990337
1391 3 0.991526
1392 3 0.994942
1393 3 0.989037
1394 3 0.992213
1395 3 0.991167
1396 3 0.986536
1397 3 0.987876
1398 3 0.989667
1399 3 0.989800
1400 3 0.985700
1401 3 0.988591
1402 3 0.989584
1403 3 0.989877
1404 3 0.991235
1405 3 0.989511
1406 3 0.989788
1407 3 0.991188
1408 3 0.988700
1409 3 0.989066
1410 3 0.989939
1411 3 0.989822
1412 3 0.990046
1413 3 0.990975
1414 3 0.989409
1415 3 0.989761
1416 3 0.989518
1417 3 0.983715
1418 3 0.989817
1419 3 0.987206
1420 3 0.986623
1421 3 0.987419
35 5 0.017283
41 5 0.037852
42 5 0.066750
43 5 0.051703
44 5 0.081117
45 5 0.109541
46 5 0.241023
47 5 0.605778
48 5 0.534596
49 5 0.274697
50 5 0.083256
51 5 0.132253
52 5 0.107177
53 5 0.080199
54 5 0.805580
55 5 0.682206
57 5 0.040992
58 5 0.053103
59 5 0.000945
60 5 0.051566
61 5 0.064565
62 5 0.233832
63 5 0.218088
68 5 0.001947
69 5 0.002982
70 5 0.048074
71 5 0.041208
72 5 0.149976
73 5 0.247421
74 5 0.191692
75 5 0.128084
76 5 0.339574
77 5 0.192553
78 5 0.158799
79 5 0.247631
92 5 0.031129
93 5 0.035313
94 5 0.074109
95 5 0.070335
96 5 0.069523
97 5 0.076091
98 5 0.038750
99 5 0.044903
100 5 0.060677
101 5 0.055211
104 5 0.179291
105 5 0.322749
106 5 0.002183
107 5 0.050942
112 5 0.440027
113 5 0.379922
114 5 0.000308
115 5 0.007421
116 5 0.027322
117 5 0.036684
119 5 0.025873
121 5 0.016106
126 5 0.010871
127 5 0.018698
128 5 0.052999
129 5 0.077647
130 5 0.087911
131 5 0.097679
132 5 0.116782
133 5 0.074934
134 5 0.063516
137 5 0.013218
188 5 0.040890
189 5 0.041948
192 5 0.014011
193 5 0.121100
209 5 0.201210
210 5 0.489719
211 5 0.226620
212 5 0.021139
220 5 0.222522
221 5 0.548657
222 5 0.040625
230 5 0.213324
231 5 0.588854
232 5 0.056866
247 5 0.108535
248 5 0.042284
249 5 0.054393
250 5 0.217340
251 5 0.012167
252 5 0.047766
276 5 0.005013
466 5 0.043698
467 5 0.112673
471 5 0.057846
474 5 0.009143
475 5 0.068267
483 5 0.015921
499 5 0.199898
500 5 0.243455
501 5 0.128756
502 5 0.053580
504 5 0.098165
505 5 0.248998
506 5 0.070674
507 5 0.022650
623 5 0.566166
624 5 0.348062
626 5 0.826140
627 5 0.878708
628 5 0.738732
629 5 0.608304
630 5 0.625184
631 5 0.776623
632 5 0.858280
633 5 0.826209
634 5 0.888382
635 5 0.916302
636 5 0.866021
637 5 0.708299
638 5 0.831227
639 5 0.912090
640 5 0.934911
641 5 0.929821
642 5 0.951115
643 5 0.965237
644 5 0.962801
645 5 0.855711
646 5 0.936739
647 5 0.960046
648 5 0.971261
649 5 0.967670
650 5 0.941567
651 5 0.944569
652 5 0.938242
653 5 0.932709
654 5 0.747874
655 5 0.792253
656 5 0.922731
657 5 0.924569
658 5 0.926146
659 5 0.931604
660 5 0.700342
661 5 0.475897
662 5 0.774661
663 5 0.950522
664 5 0.922258
665 5 0.844368
666 5 0.638507
667 5 0.904681
668 5 0.964356
669 5 0.910995
670 5 0.900282
671 5 0.906493
672 5 0.889419
673 5 0.871290
674 5 0.844255
675 5 0.833258
676 5 0.854261
677 5 0.831271
678 5 0.711403
679 5 0.063049
680 5 0.096353
681 5 0.388220
682 5 0.267508
683 5 0.055948
684 5 0.755163
685 5 0.747585
686 5 0.259259
687 5 0.232546
688 5 0.748885
689 5 0.754821
690 5 0.376385
691 5 0.112008
692 5 0.104324
693 5 0.104766
694 5 0.099847
701 5 0.055784
704 5 0.053674
706 5 0.063887
788 5 0.397719
789 5 0.359355
790 5 0.149806
791 5 0.033776
793 5 0.322368
794 5 0.175662
795 5 0.090055
797 5 0.017911
798 5 0.086224
799 5 0.014700
801 5 0.206466
802 5 0.085384
803 5 0.029578
809 5 0.008147
963 5 0.068353
964 5 0.064724
965 5 0.208784
966 5 0.437131
1245 5 0.035889
650 6 0.051482
651 6 0.050303
652 6 0.057058
653 6 0.058523
654 6 0.249913
655 6 0.205101
656 6 0.073437
657 6 0.070080
658 6 0.069841
659 6 0.063911
664 6 0.072787
669 6 0.084714
670 6 0.095485
671 6 0.090187
672 6 0.107642
673 6 0.123997
674 6 0.152824
675 6 0.164089
676 6 0.143381
677 6 0.166506
678 6 0.285998
679 6 0.930846
680 6 0.897323
681 6 0.609637
682 6 0.730452
683 6 0.937276
684 6 0.242980
685 6 0.250514
686 6 0.738826
687 6 0.765415
688 6 0.248971
689 6 0.242838
690 6 0.621666
691 6 0.882742
692 6 0.890912
693 6 0.889878
694 6 0.894241
695 6 0.947870
696 6 0.951797
697 6 0.946290
698 6 0.942789
699 6 0.949177
700 6 0.953396
701 6 0.937601
702 6 0.951990
703 6 0.955787
704 6 0.939569
705 6 0.942140
706 6 0.930157
707 6 0.946629
708 6 0.920835
709 6 0.930512
710 6 0.915199
711 6 0.912039
712 6 0.906222
713 6 0.901868
714 6 0.901342
715 6 0.908785
716 6 0.904394
717 6 0.895902
718 6 0.857891
719 6 0.885125
720 6 0.861179
721 6 0.828452
722 6 0.804406
723 6 0.785392
724 6 0.788679
725 6 0.783960
726 6 0.830903
727 6 0.803323
728 6 0.133150
729 6 0.105984
730 6 0.118268
731 6 0.164848
732 6 0.232083
733 6 0.435851
734 6 0.401785
735 6 0.652711
736 6 0.164749
737 6 0.239076
738 6 0.019308
740 6 0.001487
741 6 0.047095
742 6 0.077132
743 6 0.113568
744 6 0.029828
745 6 0.073189
746 6 0.113815
759 6 0.389036
760 6 0.550413
761 6 0.129164
763 6 0.015522
764 6 0.017705
765 6 0.121474
766 6 0.390715
767 6 0.362075
768 6 0.470197
769 6 0.131614
771 6 0.022820
772 6 0.014572
773 6 0.110972
774 6 0.361971
775 6 0.454074
776 6 0.279532
777 6 0.022324
779 6 0.023507
780 6 0.347076
1257 6 0.094260
1258 6 0.126893
1259 6 0.080883
695 7 0.022906
696 7 0.014358
697 7 0.028367
698 7 0.036308
699 7 0.027322
700 7 0.017338
702 7 0.021198
703 7 0.011685
705 7 0.037685
707 7 0.033295
708 7 0.069942
709 7 0.060443
710 7 0.076598
711 7 0.079446
712 7 0.087343
713 7 0.092722
714 7 0.093416
715 7 0.085866
716 7 0.087703
717 7 0.098232
718 7 0.137659
719 7 0.110283
720 7 0.134457
721 7 0.167580
722 7 0.192565
723 7 0.212098
724 7 0.208839
725 7 0.213616
726 7 0.165136
727 7 0.193637
728 7 0.866192
729 7 0.893481
730 7 0.881164
731 7 0.834427
732 7 0.767081
733 7 0.562793
734 7 0.597015
735 7 0.345362
736 7 0.834555
737 7 0.760102
738 7 0.965180
739 7 0.976246
740 7 0.974140
741 7 0.951242
742 7 0.922578
743 7 0.886049
744 7 0.959932
745 7 0.926574
746 7 0.885850
747 7 0.989303
748 7 0.990516
749 7 0.992309
750 7 0.997956
751 7 0.987090
752 7 0.983523
753 7 0.998116
754 7 0.994531
755 7 0.978426
756 7 0.983209
757 7 0.978581
758 7 0.975419
759 7 0.609899
760 7 0.448087
761 7 0.870480
762 7 0.989002
763 7 0.967141
764 7 0.966010
765 7 0.878141
766 7 0.608139
767 7 0.637038
768 7 0.528731
769 7 0.868038
770 7 0.988284
771 7 0.963486
772 7 0.967586
773 7 0.888689
774 7 0.637051
775 7 0.545086
776 7 0.719747
777 7 0.963705
778 7 0.987914
779 7 0.963143
780 7 0.652160
1257 7 0.905456
1258 7 0.872784
1259 7 0.918920
1302 7 1.001170
1303 7 1.001313
1304 7 1.002039
1305 7 1.001381
1306 7 1.003299
1307 7 1.002558
1308 7 1.003445
1309 7 1.002630
1310 7 1.001664
1311 7 1.002568
1312 7 1.003576
1313 7 1.003651
1314 7 1.002026
1315 7 1.001938
1316 7 1.002246
1317 7 1.002833
1318 7 1.002919
1319 7 1.003560
1320 7 1.002997
1321 7 1.003563
1322 7 1.001105
1323 7 1.001235
1324 7 1.001278
1325 7 1.001225
1326 7 1.002219
1327 7 1.002891
1328 7 1.002753
1329 7 1.003291
1330 7 1.001821
1331 7 1.001521
1332 7 1.003128
1333 7 1.003411
1334 7 1.001892
1335 7 1.001825
1336 7 1.002025
1337 7 1.001886
1338 7 1.003114
1339 7 1.002661
1340 7 1.003338
1341 7 1.003025
1342 7 1.001301
1343 7 1.001135
1344 7 1.002439
1345 7 1.002646
1346 7 1.002909
1347 7 1.003475
1348 7 1.003487
1349 7 1.002939
1350 7 1.003521
1351 7 1.003497
1352 7 1.003411
1353 7 1.003028
1354 7 1.003047
1355 7 1.003407
1356 7 1.003503
1357 7 1.002976
1358 7 1.003495
1359 7 1.003091
1360 7 1.003406
1361 7 1.002974
1362 7 1.002123
1363 7 1.002833
1364 7 1.001907
1365 7 1.001941
1366 7 1.001582
1367 7 1.001267
6 9 0.010123
7 9 0.003236
9 9 0.067612
10 9 0.057526
11 9 0.136793
12 9 0.236328
13 9 0.181012
14 9 0.108268
15 9 0.387636
16 9 0.299591
17 9 0.548939
18 9 0.462130
19 9 0.955872
20 9 0.907797
21 9 0.854762
22 9 0.922219
27 9 0.040173
28 9 0.035412
29 9 0.003370
31 9 0.069282
32 9 0.037653
33 9 0.065818
34 9 0.308851
35 9 0.211800
36 9 0.122956
37 9 0.172237
38 9 0.739994
39 9 0.732885
40 9 0.514704
41 9 0.581292
42 9 0.020970
43 9 0.051339
44 9 0.070601
45 9 0.038933
46 9 0.021524
48 9 0.047888
49 9 0.094911
51 9 0.003294
64 9 0.663929
65 9 0.701595
66 9 0.651162
67 9 0.602109
68 9 0.493497
69 9 0.532829
70 9 0.366904
71 9 0.327392
72 9 0.096994
73 9 0.055687
74 9 0.053088
75 9 0.089498
76 9 0.007297
79 9 0.006050
80 9 0.065631
81 9 0.032678
82 9 0.037374
83 9 0.069495
84 9 0.007770
85 9 0.010750
98 9 0.032425
99 9 0.042973
100 9 0.017704
101 9 0.014530
102 9 0.105154
103 9 0.086686
104 9 0.101901
105 9 0.056939
106 9 0.575401
107 9 0.409588
108 9 0.762966
109 9 0.689769
110 9 0.113798
111 9 0.077683
114 9 0.024240
115 9 0.057425
116 9 0.010329
118 9 0.002553
123 9 0.008889
126 9 0.067967
127 9 0.082872
128 9 0.122287
129 9 0.169176
130 9 0.179725
131 9 0.195496
132 9 0.207128
133 9 0.107453
139 9 0.005660
140 9 0.067025
141 9 0.140314
142 9 0.253342
143 9 0.412064
144 9 0.601232
145 9 0.758365
146 9 0.959916
147 9 0.971962
150 9 0.055174
151 9 0.125444
152 9 0.230916
153 9 0.400641
154 9 0.595191
155 9 0.972827
156 9 0.981832
157 9 0.764814
160 9 0.027336
161 9 0.092485
162 9 0.185501
163 9 0.336398
164 9 0.549754
165 9 0.967618
166 9 0.983120
167 9 0.736639
174 9 0.021664
175 9 0.060267
176 9 0.075977
177 9 0.154661
178 9 0.237654
179 9 0.121755
180 9 0.276530
181 9 0.430576
182 9 0.910527
183 9 0.717476
184 9 0.745171
185 9 0.927671
186 9 0.627083
187 9 0.528398
188 9 0.134228
189 9 0.102605
190 9 0.315600
191 9 0.314542
192 9 0.046060
193 9 0.051885
194 9 0.115892
211 9 0.003159
296 9 0.953874
297 9 0.923289
298 9 0.846036
299 9 0.972503
300 9 0.984461
301 9 0.990853
302 9 0.936361
303 9 0.976352
304 9 0.950398
305 9 0.927454
306 9 0.898830
307 9 0.967826
308 9 0.981093
309 9 0.985940
310 9 0.964821
311 9 0.981620
312 9 0.880950
313 9 0.853938
314 9 0.856512
315 9 0.902789
316 9 0.931188
317 9 0.946460
318 9 0.958140
319 9 0.958999
320 9 0.599731
321 9 0.493994
322 9 0.553096
323 9 0.609200
324 9 0.344819
325 9 0.413521
326 9 0.652574
327 9 0.721084
328 9 0.774941
329 9 0.802011
330 9 0.616170
331 9 0.735115
332 9 0.864059
333 9 0.877481
334 9 0.603549
335 9 0.878726
336 9 0.696439
337 9 0.931593
338 9 0.928545
339 9 0.665861
340 9 0.487081
341 9 0.387554
342 9 0.402662
343 9 0.464096
344 9 0.413038
345 9 0.343169
346 9 0.304669
347 9 0.302678
348 9 0.294373
349 9 0.058225
350 9 0.074883
351 9 0.223212
352 9 0.138582
353 9 0.022409
354 9 0.279690
355 9 0.282216
356 9 0.095922
357 9 0.088965
358 9 0.267037
359 9 0.357961
360 9 0.169012
361 9 0.083836
362 9 0.076876
363 9 0.067647
364 9 0.054718
376 9 0.001468
433 9 0.471766
434 9 0.480875
458 9 0.057448
459 9 0.010641
465 9 0.238690
466 9 0.066391
468 9 0.385872
469 9 0.298289
470 9 0.123450
472 9 0.055849
473 9 0.096439
474 9 0.025300
476 9 0.171300
477 9 0.104724
478 9 0.038580
481 9 0.044718
484 9 0.078607
485 9 0.044607
625 9 0.244048
781 9 0.124665
782 9 0.065589
783 9 0.009204
304 10 0.009059
305 10 0.018315
306 10 0.025805
312 10 0.110824
313 10 0.132639
314 10 0.123455
315 10 0.092867
316 10 0.066797
317 10 0.051991
318 10 0.017929
319 10 0.025591
320 10 0.394546
321 10 0.499868
322 10 0.439157
323 10 0.386773
324 10 0.653213
325 10 0.582758
326 10 0.344904
327 10 0.277604
328 10 0.223133
329 10 0.196797
332 10 0.010109
333 10 0.095511
334 10 0.389382
338 10 0.053816
339 10 0.329885
340 10 0.506307
341 10 0.605444
342 10 0.589744
343 10 0.530942
344 10 0.581043
345 10 0.648579
346 10 0.687091
347 10 0.689115
348 10 0.698517
349 10 0.921547
350 10 0.899492
351 10 0.770438
352 10 0.857341
353 10 0.948487
354 10 0.718958
355 10 0.716449
356 10 0.902440
357 10 0.908355
358 10 0.727219
359 10 0.638807
360 10 0.828023
361 10 0.887373
362 10 0.894570
363 10 0.907380
364 10 0.930778
365 10 0.865122
366 10 0.867581
367 10 0.881466
368 10 0.880636
369 10 0.902299
370 10 0.930308
371 10 0.978368
372 10 0.958676
373 10 0.953776
374 10 0.970145
375 10 0.918001
376 10 0.965849
377 10 0.944310
378 10 0.831053
379 10 0.831139
380 10 0.838469
381 10 0.849580
382 10 0.852674
383 10 0.863719
384 10 0.891735
385 10 0.880192
386 10 0.877216
387 10 0.886994
388 10 0.769242
389 10 0.774717
390 10 0.774943
391 10 0.779700
392 10 0.756852
393 10 0.695328
394 10 0.713152
395 10 0.672904
396 10 0.807779
397 10 0.790739
398 10 0.225032
399 10 0.235750
400 10 0.226298
401 10 0.206259
402 10 0.232087
403 10 0.280078
404 10 0.244546
405 10 0.401414
406 10 0.192347
407 10 0.172469
408 10 0.076611
409 10 0.072425
410 10 0.069843
411 10 0.085010
412 10 0.097397
413 10 0.119630
414 10 0.051384
417 10 0.084746
418 10 0.053313
419 10 0.054462
420 10 0.067576
422 10 0.006856
423 10 0.003199
425 10 0.008709
436 10 0.059233
438 10 0.181225
439 10 0.306107
440 10 0.045139
443 10 0.001779
444 10 0.108167
445 10 0.214109
446 10 0.077921
447 10 0.133104
448 10 0.016211
452 10 0.085951
453 10 0.132220
454 10 0.109344
1476 10 0.685145
1477 10 0.557805
1478 10 0.264331
1479 10 0.151638
1480 10 0.119733
1481 10 0.079252
1482 10 0.099359
1483 10 0.085926
1484 10 0.475070
1485 10 0.247262
1486 10 0.118529
1487 10 0.096244
1488 10 0.385821
1489 10 0.158231
1490 10 0.080118
1491 10 0.072580
1492 10 0.696688
1493 10 0.122333
1494 10 0.079824
1495 10 0.697604
1496 10 0.082221
1497 10 0.083806
1498 10 0.084965
1499 10 0.085930
1500 10 0.095006
1501 10 0.586137
1502 10 0.085274
1503 10 0.084401
1504 10 0.134627
1505 10 0.443039
1506 10 0.083941
1507 10 0.077108
1508 10 0.135761
1509 10 0.693155
1510 10 0.076311
1511 10 0.085254
1512 10 0.087301
1513 10 0.090992
1514 10 0.090167
1515 10 0.087109
1516 10 0.087783
1517 10 0.087338
1518 10 0.073250
1519 10 0.075208
1520 10 0.089467
1521 10 0.086882
1522 10 0.086981
1523 10 0.076763
1524 10 0.074720
1525 10 0.145638
1526 10 0.078382
1527 10 0.418604
1528 10 0.524406
1529 10 0.636156
350 11 0.000851
361 11 0.006927
362 11 0.006219
365 11 0.113434
366 11 0.111766
367 11 0.101541
368 11 0.099192
369 11 0.082330
370 11 0.059277
372 11 0.025886
373 11 0.031192
375 11 0.071117
377 11 0.050392
378 11 0.152923
379 11 0.153658
380 11 0.149717
381 11 0.135359
382 11 0.137187
383 11 0.130080
384 11 0.106309
385 11 0.116794
386 11 0.115124
387 11 0.109951
388 11 0.219768
389 11 0.214425
390 11 0.216794
391 11 0.210795
392 11 0.237008
393 11 0.299962
394 11 0.284992
395 11 0.324340
396 11 0.187603
397 11 0.207389
398 11 0.772033
399 11 0.761292
400 11 0.771492
401 11 0.791382
402 11 0.765766
403 11 0.717795
404 11 0.754680
405 11 0.596884
406 11 0.806591
407 11 0.826936
408 11 0.922455
409 11 0.926725
410 11 0.929475
411 11 0.914050
412 11 0.901676
413 11 0.879371
414 11 0.948425
415 11 0.976674
416 11 0.980597
417 11 0.914862
418 11 0.946351
419 11 0.945283
420 11 0.932164
421 11 0.982181
422 11 0.971308
423 11 0.973109
424 11 0.990347
425 11 0.970307
426 11 0.976867
427 11 0.996439
428 11 0.998622
429 11 0.989171
430 11 0.986663
431 11 0.978893
432 11 0.977600
435 11 0.976208
436 11 0.940326
437 11 0.999229
438 11 0.818165
439 11 0.692566
440 11 0.952249
441 11 0.999075
442 11 0.989165
443 11 0.973878
444 11 0.890971
445 11 0.784370
446 11 0.921805
447 11 0.866291
448 11 0.966768
449 11 0.998480
450 11 0.993311
451 11 0.975164
452 11 0.913387
453 11 0.866852
454 11 0.889927
455 11 0.993109
1476 11 0.314904
1477 11 0.442234
1478 11 0.735887
1479 11 0.848441
1480 11 0.880142
1481 11 0.920590
1482 11 0.900459
1483 11 0.913882
1484 11 0.524996
1485 11 0.753032
1486 11 0.881426
1487 11 0.903643
1488 11 0.614278
1489 11 0.841968
1490 11 0.919840
1491 11 0.927346
1492 11 0.303352
1493 11 0.877714
1494 11 0.920189
1495 11 0.302413
1496 11 0.917612
1497 11 0.916004
1498 11 0.914837
1499 11 0.913859
1500 11 0.905049
1501 11 0.413904
1502 11 0.914611
1503 11 0.915460
1504 11 0.865528
1505 11 0.557051
1506 11 0.916018
1507 11 0.922808
1508 11 0.864300
1509 11 0.306888
1510 11 0.923530
1511 11 0.914553
1512 11 0.912503
1513 11 0.908810
1514 11 0.909633
1515 11 0.912693
1516 11 0.912082
1517 11 0.912524
1518 11 0.926667
1519 11 0.924704
1520 11 0.910331
1521 11 0.912919
1522 11 0.912878
1523 11 0.923145
1524 11 0.925202
1525 11 0.854536
1526 11 0.921573
1527 11 0.581491
1528 11 0.475647
1529 11 0.363872
18 13 0.015267
20 13 0.064647
21 13 0.077147
22 13 0.011712
34 13 0.031104
35 13 0.043483
36 13 0.002509
38 13 0.150820
39 13 0.227347
40 13 0.422860
41 13 0.277938
42 13 0.000852
43 13 0.006470
44 13 0.045244
45 13 0.030898
46 13 0.689371
47 13 0.314863
48 13 0.262824
49 13 0.484314
51 13 0.009844
54 13 0.065956
55 13 0.090295
64 13 0.004294
65 13 0.006659
66 13 0.038871
67 13 0.032416
68 13 0.060127
69 13 0.066153
70 13 0.090729
71 13 0.078592
72 13 0.102189
73 13 0.081037
74 13 0.065769
75 13 0.081587
76 13 0.050000
79 13 0.035117
104 13 0.131414
105 13 0.099299
106 13 0.071841
107 13 0.103592
108 13 0.005851
109 13 0.044563
127 13 0.008536
128 13 0.051071
129 13 0.090528
130 13 0.111009
131 13 0.140193
132 13 0.554029
133 13 0.786036
164 13 0.009451
167 13 0.011392
177 13 0.007959
178 13 0.005488
180 13 0.059951
181 13 0.043435
182 13 0.054667
183 13 0.174766
184 13 0.238701
185 13 0.060310
186 13 0.067662
187 13 0.130600
188 13 0.494341
189 13 0.743771
190 13 0.622311
191 13 0.469427
192 13 0.132882
193 13 0.451973
194 13 0.164860
208 13 0.001986
209 13 0.232420
210 13 0.330303
211 13 0.597363
212 13 0.045145
220 13 0.086334
221 13 0.103300
230 13 0.023662
297 13 0.044671
298 13 0.128709
302 13 0.057852
305 13 0.016532
306 13 0.058974
310 13 0.002747
330 13 0.366458
331 13 0.244689
332 13 0.103270
333 13 0.001528
335 13 0.113081
336 13 0.296116
337 13 0.053835
433 13 0.510677
434 13 0.508011
458 13 0.032953
465 13 0.726852
466 13 0.872287
467 13 0.852401
468 13 0.597691
469 13 0.687948
470 13 0.849202
471 13 0.890014
472 13 0.899867
473 13 0.879484
474 13 0.922964
475 13 0.912652
476 13 0.814013
477 13 0.884175
478 13 0.941107
479 13 0.957321
480 13 0.959970
481 13 0.931010
482 13 0.950132
483 13 0.947630
484 13 0.902981
485 13 0.936451
486 13 0.961826
487 13 0.975860
488 13 0.971918
489 13 0.934404
490 13 0.929122
491 13 0.930165
492 13 0.931169
493 13 0.800415
494 13 0.854079
495 13 0.933995
496 13 0.940800
497 13 0.962050
498 13 0.956225
499 13 0.790736
500 13 0.745930
501 13 0.860350
502 13 0.928861
503 13 0.928837
504 13 0.883894
505 13 0.720390
506 13 0.919397
507 13 0.956621
508 13 0.951648
509 13 0.884656
510 13 0.894094
511 13 0.885967
512 13 0.880788
513 13 0.864758
514 13 0.832309
515 13 0.851388
516 13 0.834141
517 13 0.799933
518 13 0.092088
519 13 0.117945
520 13 0.687115
521 13 0.321150
522 13 0.050581
523 13 0.799552
524 13 0.805065
525 13 0.168185
526 13 0.186459
527 13 0.762964
528 13 0.800540
529 13 0.288528
530 13 0.130769
531 13 0.133945
532 13 0.116861
533 13 0.081921
534 13 0.017951
535 13 0.016750
536 13 0.001101
537 13 0.006751
543 13 0.006445
545 13 0.003399
623 13 0.417508
624 13 0.627272
625 13 0.169217
626 13 0.132031
627 13 0.025506
629 13 0.375578
630 13 0.351922
631 13 0.164902
633 13 0.060180
634 13 0.082964
635 13 0.006359
637 13 0.277306
638 13 0.154287
639 13 0.060605
641 13 0.005132
642 13 0.012297
645 13 0.132568
646 13 0.041966
781 13 0.053861
966 13 0.043648
489 14 0.051091
490 14 0.061883
491 14 0.061525
492 14 0.047151
493 14 0.196498
494 14 0.140050
495 14 0.052903
496 14 0.051483
497 14 0.017663
498 14 0.027393
503 14 0.061985
508 14 0.033343
509 14 0.107220
510 14 0.099293
511 14 0.108384
512 14 0.110209
513 14 0.130404
514 14 0.161717
515 14 0.143363
516 14 0.161509
517 14 0.194855
518 14 0.901122
519 14 0.871577
520 14 0.309410
521 14 0.677116
522 14 0.945795
523 14 0.198918
524 14 0.193798
525 14 0.831289
526 14 0.812739
527 14 0.234385
528 14 0.197315
529 14 0.710450
530 14 0.856364
531 14 0.854036
532 14 0.873330
533 14 0.912269
534 14 0.909884
535 14 0.910374
536 14 0.921606
537 14 0.924430
538 14 0.946665
539 14 0.971689
540 14 0.979603
541 14 0.985346
542 14 0.984961
543 14 0.969937
544 14 0.950265
545 14 0.970452
546 14 0.971337
547 14 0.891617
548 14 0.895182
549 14 0.882673
550 14 0.909034
551 14 0.929428
552 14 0.955592
553 14 0.950717
554 14 0.957299
555 14 0.898188
556 14 0.923394
557 14 0.802720
558 14 0.813703
559 14 0.807196
560 14 0.821968
561 14 0.830733
562 14 0.863284
563 14 0.870757
564 14 0.860287
565 14 0.833751
566 14 0.856762
567 14 0.158956
568 14 0.207648
569 14 0.197570
570 14 0.189442
571 14 0.198076
572 14 0.294587
573 14 0.275610
574 14 0.421238
575 14 0.185740
576 14 0.190254
577 14 0.052613
578 14 0.054788
579 14 0.052824
580 14 0.052314
581 14 0.053251
582 14 0.059099
583 14 0.073732
584 14 0.011055
586 14 0.057269
587 14 0.048262
588 14 0.052512
589 14 0.056312
603 14 0.006809
605 14 0.217078
606 14 0.305218
607 14 0.042349
611 14 0.055920
612 14 0.224724
613 14 0.101037
614 14 0.127226
615 14 0.025268
619 14 0.022316
620 14 0.099696
621 14 0.082662
1424 14 0.083590
1425 14 0.004130
1426 14 0.014618
1431 14 0.081136
1432 14 0.018021
1435 14 0.007196
534 15 0.055983
535 15 0.056108
536 15 0.052745
537 15 0.044134
538 15 0.013609
544 15 0.020703
547 15 0.085599
548 15 0.081303
549 15 0.102738
550 15 0.072266
551 15 0.058295
552 15 0.026752
553 15 0.046030
554 15 0.032261
555 15 0.095349
556 15 0.073836
557 15 0.187694
558 15 0.176012
559 15 0.185084
560 15 0.170718
561 15 0.165045
562 15 0.134919
563 15 0.128577
564 15 0.139063
565 15 0.162640
566 15 0.141684
567 15 0.839468
568 15 0.790073
569 15 0.800780
570 15 0.808969
571 15 0.800859
572 15 0.704430
573 15 0.723946
574 15 0.578272
575 15 0.813347
576 15 0.809193
577 15 0.946860
578 15 0.944626
579 15 0.946665
580 15 0.947261
581 15 0.946421
582 15 0.940607
583 15 0.926135
584 15 0.969306
585 15 0.995880
586 15 0.942633
587 15 0.950492
588 15 0.947156
589 15 0.943367
590 15 0.979923
591 15 0.974747
592 15 0.978840
593 15 0.992582
594 15 0.976289
595 15 0.980388
596 15 0.998262
597 15 0.999176
598 15 0.984350
599 15 0.982917
600 15 0.983108
601 15 0.982816
602 15 0.984295
603 15 0.971483
604 15 0.998581
605 15 0.782575
606 15 0.694401
607 15 0.953562
608 15 0.999227
609 15 0.982646
610 15 0.982493
611 15 0.943837
612 15 0.774596
613 15 0.898783
614 15 0.872593
615 15 0.962163
616 15 0.998679
617 15 0.981990
618 15 0.984800
619 15 0.963688
620 15 0.900014
621 15 0.917104
622 15 0.982535
1422 15 0.983666
1423 15 0.982705
1424 15 0.915852
1425 15 0.972571
1426 15 0.965879
1427 15 0.980695
1428 15 0.974704
1429 15 0.982605
1430 15 0.979184
1431 15 0.918585
1432 15 0.964714
1433 15 0.974418
1434 15 0.981843
1435 15 0.971310
1436 15 0.981506
1437 15 0.982960
1438 15 0.986905
1439 15 0.981912
1440 15 0.994485
1441 15 0.989079
1442 15 0.981832
1443 15 0.983527
1444 15 0.982388
1445 15 0.980861
1446 15 0.993626
1447 15 0.986452
1448 15 0.984153
1449 15 0.981278
1450 15 0.980301
1451 15 0.983663
1452 15 0.982350
1453 15 0.982829
1454 15 0.977684
1455 15 0.985302
1456 15 0.981581
1457 15 0.982733
1458 15 0.982619
1459 15 0.978116
1460 15 0.978372
1461 15 0.982237
1462 15 0.978193
1463 15 0.978572
1464 15 0.983139
1465 15 0.982935
1466 15 0.978604
1467 15 0.981940
1468 15 0.978922
1469 15 0.982533
1470 15 0.983103
1471 15 0.976160
1472 15 0.982148
1473 15 0.982738
1474 15 0.983083
1475 15 0.986214
0 17 0.035804
1 17 0.012633
4 17 0.026694
7 17 0.011348
8 17 0.012523
10 17 0.004695
23 17 0.077613
24 17 0.128027
25 17 0.142200
26 17 0.112146
27 17 0.042143
28 17 0.062515
29 17 0.087756
30 17 0.058350
31 17 0.047835
32 17 0.073328
33 17 0.044207
36 17 0.017715
37 17 0.001746
42 17 0.075355
43 17 0.057492
44 17 0.027700
45 17 0.051106
50 17 0.100007
51 17 0.069021
52 17 0.089511
53 17 0.131726
56 17 0.133731
57 17 0.138933
58 17 0.090145
59 17 0.086881
73 17 0.004724
74 17 0.017081
75 17 0.002845
76 17 0.013899
77 17 0.015427
78 17 0.040785
79 17 0.035294
80 17 0.055309
81 17 0.084021
82 17 0.078462
83 17 0.052387
84 17 0.125527
85 17 0.115330
86 17 0.195793
87 17 0.165424
88 17 0.190823
89 17 0.226566
90 17 0.160259
91 17 0.193435
92 17 0.176906
93 17 0.160473
94 17 0.144724
95 17 0.153723
96 17 0.115364
97 17 0.107075
98 17 0.072678
99 17 0.064001
100 17 0.081573
101 17 0.088543
102 17 0.025472
103 17 0.038585
110 17 0.012742
111 17 0.024286
114 17 0.091556
115 17 0.060017
116 17 0.105998
117 17 0.165550
118 17 0.139675
119 17 0.245299
120 17 0.199058
121 17 0.310609
122 17 0.234845
123 17 0.105765
124 17 0.147524
125 17 0.168048
126 17 0.051107
127 17 0.035207
128 17 0.008589
134 17 0.049812
135 17 0.033065
136 17 0.324055
137 17 0.302942
195 17 0.072908
196 17 0.066062
197 17 0.041226
198 17 0.047326
199 17 0.050714
200 17 0.015276
201 17 0.022849
213 17 0.096932
214 17 0.098865
215 17 0.086905
216 17 0.068895
217 17 0.050254
218 17 0.018024
223 17 0.162817
224 17 0.162139
225 17 0.156035
226 17 0.129218
227 17 0.093009
228 17 0.065515
229 17 0.032871
233 17 0.242281
234 17 0.357121
235 17 0.455110
236 17 0.279777
237 17 0.529790
238 17 0.293023
239 17 0.516781
240 17 0.265705
241 17 0.207184
242 17 0.369553
243 17 0.273603
244 17 0.154459
245 17 0.191954
246 17 0.105682
248 17 0.029589
251 17 0.091383
252 17 0.054574
253 17 0.771194
254 17 0.926372
255 17 0.890823
256 17 0.704331
257 17 0.988737
258 17 0.975531
259 17 0.878559
260 17 0.937126
261 17 0.690758
262 17 0.493049
263 17 0.033195
265 17 0.106013
266 17 0.285036
267 17 0.546406
268 17 0.393886
269 17 0.405395
270 17 0.599243
271 17 0.228032
272 17 0.195099
273 17 0.261822
274 17 0.172110
275 17 0.159463
276 17 0.376554
277 17 0.271470
278 17 0.453706
279 17 0.358255
280 17 0.481254
281 17 0.292304
282 17 0.230518
283 17 0.483082
284 17 0.656551
285 17 0.599942
286 17 0.664886
287 17 0.496407
288 17 0.337601
289 17 0.780015
290 17 0.737903
291 17 0.635812
292 17 0.731965
293 17 0.780305
294 17 0.633927
295 17 0.492127
463 17 0.005891
464 17 0.021941
949 17 0.021124
950 17 0.055940
951 17 0.090035
952 17 0.097974
953 17 0.140037
954 17 0.177125
955 17 0.237865
956 17 0.455089
957 17 0.472017
958 17 0.397049
959 17 0.236298
960 17 0.482727
961 17 0.277014
962 17 0.557633
963 17 0.021111
967 17 0.014041
969 17 0.005945
971 17 0.001951
972 17 0.010096
976 17 0.023894
1046 17 0.008318
1047 17 0.014445
1048 17 0.013028
1070 17 0.231575
1071 17 0.260733
1072 17 0.051892
1073 17 0.065818
1074 17 0.074790
1075 17 0.218516
1076 17 0.050577
1077 17 0.238076
1078 17 0.087978
1079 17 0.087898
1080 17 0.096235
1081 17 0.070520
1082 17 0.465456
1083 17 0.515438
1084 17 0.569511
1085 17 0.149710
1086 17 0.387254
1087 17 0.461064
1088 17 0.152277
1089 17 0.753663
1090 17 0.811640
1091 17 0.225998
1092 17 0.237586
1093 17 0.229839
1094 17 0.137153
1095 17 0.564317
1096 17 0.807938
1097 17 0.608120
1098 17 0.871143
1099 17 0.908632
1100 17 0.960503
1101 17 0.986822
1102 17 0.988605
1103 17 0.987960
1104 17 0.948243
1105 17 0.980861
1106 17 0.785268
1107 17 0.985938
1108 17 0.982660
1109 17 0.932153
1110 17 0.835708
1111 17 0.822729
1112 17 0.929490
1113 17 0.966945
1114 17 0.980432
1115 17 0.956948
1116 17 0.933126
1117 17 0.877285
1118 17 0.840963
1119 17 0.929895
1120 17 0.909967
1121 17 0.945089
1122 17 0.969048
1123 17 0.748738
1124 17 0.652610
1125 17 0.846256
1126 17 0.725785
1127 17 0.894542
1128 17 0.801096
1129 17 0.918895
1130 17 0.821307
1131 17 0.783234
1132 17 0.806877
1133 17 0.365329
1134 17 0.453138
1135 17 0.008602
1154 17 0.038941
1155 17 0.240512
1156 17 0.015678
1157 17 0.291674
1158 17 0.205824
1159 17 0.441380
1160 17 0.075094
1163 17 0.110147
1164 17 0.659789
1165 17 0.616519
1166 17 0.545848
1167 17 0.598496
1168 17 0.597688
1169 17 0.125949
1170 17 0.098745
1171 17 0.463726
1172 17 0.648274
1173 17 0.143816
1174 17 0.677997
1175 17 0.140571
1176 17 0.006262
1178 17 0.186777
1179 17 0.135221
1180 17 0.139678
1181 17 0.257163
1182 17 0.407653
1183 17 0.017525
1184 17 0.572372
1207 17 0.012214
1210 17 0.047908
1215 17 0.007123
1217 17 0.031809
1221 17 0.058573
1223 17 0.051150
1225 17 0.059474
1227 17 0.061555
1229 17 0.075254
1230 17 0.342168
1231 17 0.044830
1232 17 0.210772
1233 17 0.019463
1234 17 0.076324
1235 17 0.007586
1236 17 0.058292
1238 17 0.010904
1245 17 0.246143
1246 17 0.531346
1247 17 0.256597
1248 17 0.506287
1249 17 0.462147
1250 17 0.478209
1251 17 0.104260
1252 17 0.053817
1254 17 0.035294
1260 17 0.161991
1261 17 0.134142
1268 17 0.079985
1269 17 0.529496
1293 17 0.716366
1294 17 0.508459
1295 17 0.356976
1296 17 0.650013
1297 17 0.966832
1298 17 0.945936
1299 17 0.824312
1300 17 0.613715
1301 17 0.462541
0 18 0.924251
1 18 0.934873
2 18 0.900198
3 18 0.922857
4 18 0.931252
53 18 0.003397
56 18 0.044845
57 18 0.027767
58 18 0.002149
59 18 0.010104
90 18 0.057029
91 18 0.069303
92 18 0.047724
93 18 0.039205
94 18 0.007581
95 18 0.010300
119 18 0.014984
121 18 0.032489
136 18 0.117846
137 18 0.079450
261 18 0.017206
262 18 0.054461
265 18 0.006063
266 18 0.054022
267 18 0.089615
268 18 0.092867
269 18 0.149487
270 18 0.138426
276 18 0.045711
280 18 0.001111
283 18 0.054965
286 18 0.020880
291 18 0.056757
292 18 0.080195
293 18 0.039507
951 18 0.011941
952 18 0.022015
953 18 0.052667
954 18 0.068118
955 18 0.094826
956 18 0.236196
957 18 0.258995
958 18 0.165407
959 18 0.093815
960 18 0.230042
961 18 0.080457
962 18 0.102048
967 18 0.937860
968 18 0.903016
969 18 0.940626
970 18 0.918405
971 18 0.939393
972 18 0.948880
973 18 0.937990
974 18 0.967997
975 18 0.947298
976 18 0.947932
977 18 0.941408
978 18 0.778512
979 18 0.781725
980 18 0.788449
981 18 0.772281
982 18 0.758891
983 18 0.832842
984 18 0.940014
985 18 0.872225
986 18 0.870093
987 18 0.929251
988 18 0.791228
989 18 0.932865
990 18 0.838999
991 18 0.600125
992 18 0.597958
993 18 0.628035
994 18 0.581352
995 18 0.535222
996 18 0.644812
997 18 0.709602
998 18 0.710556
999 18 0.633576
1000 18 0.667381
1001 18 0.335196
1002 18 0.355770
1003 18 0.379866
1004 18 0.332042
1005 18 0.288045
1006 18 0.271121
1007 18 0.305461
1008 18 0.258058
1009 18 0.368530
1010 18 0.341300
1011 18 0.056174
1012 18 0.069934
1013 18 0.095030
1014 18 0.070778
1015 18 0.078838
1016 18 0.084789
1017 18 0.126240
1018 18 0.137114
1019 18 0.111006
1020 18 0.118878
1023 18 0.003997
1027 18 0.057092
1028 18 0.026240
1030 18 0.033250
1031 18 0.026929
1032 18 0.038839
1033 18 0.050849
1046 18 0.951649
1047 18 0.949356
1048 18 0.944275
1052 18 0.099189
1053 18 0.108648
1054 18 0.045256
1059 18 0.075117
1060 18 0.063049
1061 18 0.070070
1062 18 0.038232
1067 18 0.043265
1068 18 0.032727
1070 18 0.698973
1071 18 0.682326
1072 18 0.927211
1073 18 0.914496
1074 18 0.904417
1075 18 0.726579
1076 18 0.940766
1077 18 0.690640
1078 18 0.904636
1079 18 0.904246
1080 18 0.895249
1081 18 0.915752
1082 18 0.346579
1083 18 0.322250
1084 18 0.321904
1085 18 0.827024
1086 18 0.551255
1087 18 0.427392
1088 18 0.841224
1089 18 0.239798
1090 18 0.151950
1091 18 0.769167
1092 18 0.757859
1093 18 0.763793
1094 18 0.850871
1095 18 0.350495
1096 18 0.108651
1097 18 0.213658
1098 18 0.051549
1099 18 0.055539
1100 18 0.020441
1104 18 0.012890
1106 18 0.059090
1113 18 0.004841
1116 18 0.051455
1131 18 0.213185
1132 18 0.152668
1133 18 0.623312
1134 18 0.385589
1245 18 0.051891
1246 18 0.188742
1247 18 0.092244
1248 18 0.281706
1249 18 0.193998
1250 18 0.026396
1260 18 0.062041
1261 18 0.049462
1296 18 0.345306
1 19 0.003249
2 19 0.087864
3 19 0.064885
968 19 0.085622
969 19 0.006120
970 19 0.069406
971 19 0.010828
973 19 0.053054
975 19 0.045250
977 19 0.040442
978 19 0.218110
979 19 0.215746
980 19 0.209971
981 19 0.223428
982 19 0.236843
983 19 0.162032
984 19 0.047534
985 19 0.123082
986 19 0.124510
987 19 0.059156
988 19 0.205402
989 19 0.057454
990 19 0.156803
991 19 0.398080
992 19 0.400648
993 19 0.370832
994 19 0.416519
995 19 0.462788
996 19 0.352964
997 19 0.288248
998 19 0.287109
999 19 0.364558
1000 19 0.330541
1001 19 0.663805
1002 19 0.643377
1003 19 0.619368
1004 19 0.666778
1005 19 0.710904
1006 19 0.727937
1007 19 0.693615
1008 19 0.741104
1009 19 0.630446
1010 19 0.657669
1011 19 0.943653
1012 19 0.929895
1013 19 0.904754
1014 19 0.928971
1015 19 0.920877
1016 19 0.914912
1017 19 0.873400
1018 19 0.862447
1019 19 0.888702
1020 19 0.880791
1021 19 0.993457
1022 19 0.988697
1023 19 0.972945
1024 19 0.984894
1025 19 0.980861
1026 19 0.979166
1027 19 0.942754
1028 19 0.961797
1029 19 0.980418
1030 19 0.958248
1031 19 0.961451
1032 19 0.955481
1033 19 0.949032
1034 19 0.983615
1035 19 0.988103
1036 19 0.995026
1037 19 0.993321
1038 19 0.996821
1039 19 0.995066
1040 19 0.992040
1041 19 0.989714
1042 19 0.980729
1043 19 0.982327
1044 19 0.993760
1045 19 0.992240
1049 19 0.988916
1050 19 0.981881
1051 19 0.985270
1052 19 0.900531
1053 19 0.891006
1054 19 0.952264
1055 19 0.988262
1056 19 0.979545
1057 19 0.990361
1058 19 0.978914
1059 19 0.924624
1060 19 0.936779
1061 19 0.929712
1062 19 0.955784
1063 19 0.986149
1064 19 0.979126
1065 19 0.989454
1066 19 0.980103
1067 19 0.953212
1068 19 0.958500
1069 19 0.977488
1530 19 0.980117
1531 19 0.980233
1532 19 0.975188
1533 19 0.976217
1534 19 0.971413
1535 19 0.967291
1536 19 0.971513
1537 19 0.969881
1538 19 0.981419
1539 19 0.976221
1540 19 0.972128
1541 19 0.971546
1542 19 0.982257
1543 19 0.979387
1544 19 0.971241
1545 19 0.970100
1546 19 0.980610
1547 19 0.977092
1548 19 0.976128
1549 19 0.980888
1550 19 0.969513
1551 19 0.972539
1552 19 0.970102
1553 19 0.971680
1554 19 0.977442
1555 19 0.982186
1556 19 0.973543
1557 19 0.971765
1558 19 0.980310
1559 19 0.982639
1560 19 0.974085
1561 19 0.971967
1562 19 0.976788
1563 19 0.980456
1564 19 0.968680
1565 19 0.969930
1566 19 0.971592
1567 19 0.971677
1568 19 0.971186
1569 19 0.972783
1570 19 0.979880
1571 19 0.982331
1572 19 0.981823
1573 19 0.980581
5 21 0.215939
6 21 0.102629
7 21 0.062606
8 21 0.112775
9 21 0.048636
10 21 0.020273
11 21 0.001530
23 21 0.075642
24 21 0.024818
25 21 0.030833
26 21 0.079847
27 21 0.004917
29 21 0.001463
30 21 0.038171
138 21 0.205406
139 21 0.114151
140 21 0.053657
141 21 0.004210
148 21 0.211416
149 21 0.098379
150 21 0.050079
151 21 0.000830
158 21 0.168387
159 21 0.076965
160 21 0.033437
168 21 0.143727
169 21 0.080255
170 21 0.031458
171 21 0.056826
173 21 0.012702
195 21 0.068582
196 21 0.013785
197 21 0.013457
198 21 0.061891
213 21 0.074182
214 21 0.014274
223 21 0.076886
224 21 0.015960
233 21 0.062410
234 21 0.064832
235 21 0.021319
236 21 0.018815
253 21 0.066091
256 21 0.065418
274 21 0.038503
275 21 0.085863
279 21 0.011666
281 21 0.059144
282 21 0.102725
285 21 0.025722
287 21 0.071790
288 21 0.126983
290 21 0.026551
294 21 0.078256
295 21 0.137219
463 21 0.012821
464 21 0.059347
786 21 0.018396
787 21 0.069415
1110 21 0.059264
1111 21 0.069380
1112 21 0.000628
1118 21 0.023577
1120 21 0.001369
1123 21 0.082910
1124 21 0.127566
1125 21 0.059519
1126 21 0.126658
1127 21 0.034673
1128 21 0.090002
1129 21 0.014207
1130 21 0.076767
1135 21 0.157689
1136 21 0.229430
1137 21 0.252473
1138 21 0.301578
1139 21 0.361560
1140 21 0.336972
1141 21 0.657288
1142 21 0.685225
1143 21 0.560084
1144 21 0.688511
1145 21 0.703162
1146 21 0.499544
1147 21 0.502771
1148 21 0.459453
1149 21 0.695822
1150 21 0.690327
1151 21 0.288095
1152 21 0.726787
1153 21 0.725378
1154 21 0.369559
1155 21 0.087810
1156 21 0.788977
1157 21 0.155125
1158 21 0.133399
1159 21 0.160745
1160 21 0.123581
1161 21 0.318333
1162 21 0.735467
1163 21 0.806111
1164 21 0.152497
1165 21 0.151442
1166 21 0.163705
1167 21 0.152301
1168 21 0.196310
1169 21 0.772593
1170 21 0.772730
1171 21 0.241281
1172 21 0.180671
1173 21 0.766868
1174 21 0.153713
1175 21 0.777164
1176 21 0.199379
1177 21 0.276703
1178 21 0.169612
1179 21 0.157845
1180 21 0.121024
1181 21 0.186912
1182 21 0.186092
1183 21 0.226472
1184 21 0.171749
1185 21 0.855524
1186 21 0.876638
1187 21 0.994474
1188 21 0.993614
1189 21 0.848997
1190 21 0.993248
1191 21 0.851155
1192 21 0.993089
1193 21 0.870587
1194 21 0.993287
1195 21 0.909558
1196 21 0.993656
1197 21 0.878981
1198 21 0.905345
1199 21 0.994161
1200 21 0.994636
1201 21 0.887867
1202 21 0.994585
1203 21 0.994378
1204 21 0.895916
1205 21 0.904915
1206 21 0.993932
1207 21 0.906492
1208 21 0.993022
1209 21 0.991858
1210 21 0.901632
1211 21 0.870713
1212 21 0.994006
1213 21 0.994295
1214 21 0.874563
1215 21 0.867255
1216 21 0.993571
1217 21 0.870319
1218 21 0.992785
1219 21 0.878825
1220 21 0.994685
1221 21 0.893356
1222 21 0.991201
1223 21 0.874783
1224 21 0.992140
1225 21 0.881025
1226 21 0.991328
1227 21 0.886134
1228 21 0.991431
1229 21 0.768997
1230 21 0.265940
1231 21 0.750821
1232 21 0.283601
1233 21 0.711502
1234 21 0.376862
1235 21 0.712692
1236 21 0.329743
1237 21 0.340469
1238 21 0.311349
1239 21 0.702440
1240 21 0.687209
1241 21 0.658250
1242 21 0.381423
1243 21 0.652240
1244 21 0.368983
1251 21 0.115027
1252 21 0.237917
1253 21 0.702138
1254 21 0.316844
1255 21 0.994617
1256 21 0.876582
1262 21 0.269289
1263 21 0.863322
1264 21 0.801277
1265 21 0.838916
1266 21 0.812744
1267 21 0.293396
1268 21 0.791986
1269 21 0.112781
1270 21 0.999922
1271 21 0.999936
1272 21 0.999905
1273 21 0.999910
1274 21 0.999948
1275 21 0.999958
1276 21 0.999966
1277 21 0.999970
1278 21 0.999970
1279 21 0.999967
1280 21 0.999951
1281 21 0.999941
1282 21 0.999932
1283 21 0.999920
1284 21 0.999902
1285 21 0.999899
1286 21 0.999896
1287 21 0.999960
1288 21 0.999910
1289 21 0.999894
1290 21 0.999896
1291 21 0.999901
1292 21 0.999915
1293 21 0.007685
1294 21 0.067557
1295 21 0.112578
1300 21 0.067935
1301 21 0.108623
1574 21 0.998816
1575 21 0.999092
1576 21 0.999277
1577 21 0.999193
1578 21 0.999075
1579 21 0.998912
1580 21 0.999246
1581 21 0.999291
1582 21 0.999274
1583 21 0.999221
1584 21 0.999139
1585 21 0.999201
1586 21 0.999296
1587 21 0.999163
1588 21 0.999309
1589 21 0.999275
1590 21 0.999306
1591 21 0.999008
1592 21 0.998871
1593 21 0.999103
1594 21 0.998869
1595 21 0.999127
1596 21 0.999090
1597 21 0.999878
1598 21 0.999913
1599 21 0.999928
1600 21 0.999922
1601 21 0.999904
1602 21 0.999890
1603 21 0.999927
1604 21 0.999927
1605 21 0.999925
1606 21 0.999923
1607 21 0.999916
1608 21 0.999916
1609 21 0.999927
1610 21 0.999917
1611 21 0.999930
1612 21 0.999926
1613 21 0.999928
1614 21 0.999905
1615 21 0.999889
1616 21 0.999909
1617 21 0.999886
1618 21 0.999917
1619 21 0.999910
1620 21 0.960913
1621 21 0.971757
1622 21 0.962775
1623 21 0.965449
1624 21 0.963990
1625 21 0.967799
1626 21 0.971488
1627 21 0.967369
1628 21 0.969113
1629 21 0.964164
1630 21 0.966442
1631 21 0.965244
1632 21 0.970941
1633 21 0.968102
1634 21 0.960324
1635 21 0.961080
1636 21 0.971601
1637 21 0.974263
1638 21 0.959580
1639 21 0.970333
1640 21 0.971001
1641 21 0.971525
1642 21 0.973748
1643 21 0.999979
1644 21 0.999980
1645 21 0.999985
1646 21 0.999982
1647 21 0.999985
1648 21 0.999982
1649 21 0.999983
1650 21 0.999990
1651 21 0.999990
1652 21 0.999990
1653 21 0.999988
1654 21 0.999987
1655 21 0.999990
1656 21 0.999985
1657 21 0.999986
1658 21 0.999986
1659 21 0.999986
1660 21 0.999979
1661 21 0.999978
1662 21 0.999986
1663 21 0.999979
1664 21 0.999988
1665 21 0.999987
1666 21 0.999929
1667 21 0.999920
1668 21 0.999934
1669 21 0.999926
1670 21 0.999949
1671 21 0.999938
1672 21 0.999930
1673 21 0.999979
1674 21 0.999967
1675 21 0.999981
1676 21 0.999981
1677 21 0.999959
1678 21 0.999975
1679 21 0.999954
1680 21 0.999938
1681 21 0.999945
1682 21 0.999941
1683 21 0.999916
1684 21 0.999917
1685 21 0.999963
1686 21 0.999921
1687 21 0.999978
1688 21 0.999971
